Test case 1 : [0]
Test case 2 : [1]
Test case 3 : [0, 0]
Test case 4 : [0, 1]
Test case 5 : [1, 0]
Test case 6 : [1, 1]
Test case 7 : [0, 0, 0, 0, 0]
Test case 8 : [0, 0, 0, 0, 1]
Test case 9 : [0, 0, 0, 1, 0]
Test case 10 : [0, 0, 0, 1, 1]
Test case 11 : [0, 0, 1, 0, 0]
Test case 12 : [0, 0, 1, 0, 1]
Test case 13 : [0, 0, 1, 1, 0]
Test case 14 : [0, 0, 1, 1, 1]
Test case 15 : [0, 1, 0, 0, 0]
Test case 16 : [0, 1, 0, 0, 1]
Test case 17 : [0, 1, 0, 1, 0]
Test case 18 : [0, 1, 0, 1, 1]
Test case 19 : [0, 1, 1, 0, 0]
Test case 20 : [0, 1, 1, 0, 1]
Test case 21 : [0, 1, 1, 1, 0]
Test case 22 : [0, 1, 1, 1, 1]
Test case 23 : [1, 0, 0, 0, 0]
Test case 24 : [1, 0, 0, 0, 1]
Test case 25 : [1, 0, 0, 1, 0]
Test case 26 : [1, 0, 0, 1, 1]
Test case 27 : [1, 0, 1, 0, 0]
Test case 28 : [1, 0, 1, 0, 1]
Test case 29 : [1, 0, 1, 1, 0]
Test case 30 : [1, 0, 1, 1, 1]
Test case 31 : [1, 1, 0, 0, 0]
Test case 32 : [1, 1, 0, 0, 1]
Test case 33 : [1, 1, 0, 1, 0]
Test case 34 : [1, 1, 0, 1, 1]
Test case 35 : [1, 1, 1, 0, 0]
Test case 36 : [1, 1, 1, 0, 1]
Test case 37 : [1, 1, 1, 1, 0]
Test case 38 : [1, 1, 1, 1, 1]
Test case 39 : [0, 0, 0, 0, 0, 0, 0, 0]
Test case 40 : [0, 0, 0, 0, 0, 0, 0, 1]
Test case 41 : [0, 0, 0, 0, 0, 0, 1, 0]
Test case 42 : [0, 0, 0, 0, 0, 0, 1, 1]
Test case 43 : [0, 0, 0, 0, 0, 1, 0, 0]
Test case 44 : [0, 0, 0, 0, 0, 1, 0, 1]
Test case 45 : [0, 0, 0, 0, 0, 1, 1, 0]
Test case 46 : [0, 0, 0, 0, 0, 1, 1, 1]
Test case 47 : [0, 0, 0, 0, 1, 0, 0, 0]
Test case 48 : [0, 0, 0, 0, 1, 0, 0, 1]
Test case 49 : [0, 0, 0, 0, 1, 0, 1, 0]
Test case 50 : [0, 0, 0, 0, 1, 0, 1, 1]
Test case 51 : [0, 0, 0, 0, 1, 1, 0, 0]
Test case 52 : [0, 0, 0, 0, 1, 1, 0, 1]
Test case 53 : [0, 0, 0, 0, 1, 1, 1, 0]
Test case 54 : [0, 0, 0, 0, 1, 1, 1, 1]
Test case 55 : [0, 0, 0, 1, 0, 0, 0, 0]
Test case 56 : [0, 0, 0, 1, 0, 0, 0, 1]
Test case 57 : [0, 0, 0, 1, 0, 0, 1, 0]
Test case 58 : [0, 0, 0, 1, 0, 0, 1, 1]
Test case 59 : [0, 0, 0, 1, 0, 1, 0, 0]
Test case 60 : [0, 0, 0, 1, 0, 1, 0, 1]
Test case 61 : [0, 0, 0, 1, 0, 1, 1, 0]
Test case 62 : [0, 0, 0, 1, 0, 1, 1, 1]
Test case 63 : [0, 0, 0, 1, 1, 0, 0, 0]
Test case 64 : [0, 0, 0, 1, 1, 0, 0, 1]
Test case 65 : [0, 0, 0, 1, 1, 0, 1, 0]
Test case 66 : [0, 0, 0, 1, 1, 0, 1, 1]
Test case 67 : [0, 0, 0, 1, 1, 1, 0, 0]
Test case 68 : [0, 0, 0, 1, 1, 1, 0, 1]
Test case 69 : [0, 0, 0, 1, 1, 1, 1, 0]
Test case 70 : [0, 0, 0, 1, 1, 1, 1, 1]
Test case 71 : [0, 0, 1, 0, 0, 0, 0, 0]
Test case 72 : [0, 0, 1, 0, 0, 0, 0, 1]
Test case 73 : [0, 0, 1, 0, 0, 0, 1, 0]
Test case 74 : [0, 0, 1, 0, 0, 0, 1, 1]
Test case 75 : [0, 0, 1, 0, 0, 1, 0, 0]
Test case 76 : [0, 0, 1, 0, 0, 1, 0, 1]
Test case 77 : [0, 0, 1, 0, 0, 1, 1, 0]
Test case 78 : [0, 0, 1, 0, 0, 1, 1, 1]
Test case 79 : [0, 0, 1, 0, 1, 0, 0, 0]
Test case 80 : [0, 0, 1, 0, 1, 0, 0, 1]
Test case 81 : [0, 0, 1, 0, 1, 0, 1, 0]
Test case 82 : [0, 0, 1, 0, 1, 0, 1, 1]
Test case 83 : [0, 0, 1, 0, 1, 1, 0, 0]
Test case 84 : [0, 0, 1, 0, 1, 1, 0, 1]
Test case 85 : [0, 0, 1, 0, 1, 1, 1, 0]
Test case 86 : [0, 0, 1, 0, 1, 1, 1, 1]
Test case 87 : [0, 0, 1, 1, 0, 0, 0, 0]
Test case 88 : [0, 0, 1, 1, 0, 0, 0, 1]
Test case 89 : [0, 0, 1, 1, 0, 0, 1, 0]
Test case 90 : [0, 0, 1, 1, 0, 0, 1, 1]
Test case 91 : [0, 0, 1, 1, 0, 1, 0, 0]
Test case 92 : [0, 0, 1, 1, 0, 1, 0, 1]
Test case 93 : [0, 0, 1, 1, 0, 1, 1, 0]
Test case 94 : [0, 0, 1, 1, 0, 1, 1, 1]
Test case 95 : [0, 0, 1, 1, 1, 0, 0, 0]
Test case 96 : [0, 0, 1, 1, 1, 0, 0, 1]
Test case 97 : [0, 0, 1, 1, 1, 0, 1, 0]
Test case 98 : [0, 0, 1, 1, 1, 0, 1, 1]
Test case 99 : [0, 0, 1, 1, 1, 1, 0, 0]
Test case 100 : [0, 0, 1, 1, 1, 1, 0, 1]
Test case 101 : [0, 0, 1, 1, 1, 1, 1, 0]
Test case 102 : [0, 0, 1, 1, 1, 1, 1, 1]
Test case 103 : [0, 1, 0, 0, 0, 0, 0, 0]
Test case 104 : [0, 1, 0, 0, 0, 0, 0, 1]
Test case 105 : [0, 1, 0, 0, 0, 0, 1, 0]
Test case 106 : [0, 1, 0, 0, 0, 0, 1, 1]
Test case 107 : [0, 1, 0, 0, 0, 1, 0, 0]
Test case 108 : [0, 1, 0, 0, 0, 1, 0, 1]
Test case 109 : [0, 1, 0, 0, 0, 1, 1, 0]
Test case 110 : [0, 1, 0, 0, 0, 1, 1, 1]
Test case 111 : [0, 1, 0, 0, 1, 0, 0, 0]
Test case 112 : [0, 1, 0, 0, 1, 0, 0, 1]
Test case 113 : [0, 1, 0, 0, 1, 0, 1, 0]
Test case 114 : [0, 1, 0, 0, 1, 0, 1, 1]
Test case 115 : [0, 1, 0, 0, 1, 1, 0, 0]
Test case 116 : [0, 1, 0, 0, 1, 1, 0, 1]
Test case 117 : [0, 1, 0, 0, 1, 1, 1, 0]
Test case 118 : [0, 1, 0, 0, 1, 1, 1, 1]
Test case 119 : [0, 1, 0, 1, 0, 0, 0, 0]
Test case 120 : [0, 1, 0, 1, 0, 0, 0, 1]
Test case 121 : [0, 1, 0, 1, 0, 0, 1, 0]
Test case 122 : [0, 1, 0, 1, 0, 0, 1, 1]
Test case 123 : [0, 1, 0, 1, 0, 1, 0, 0]
Test case 124 : [0, 1, 0, 1, 0, 1, 0, 1]
Test case 125 : [0, 1, 0, 1, 0, 1, 1, 0]
Test case 126 : [0, 1, 0, 1, 0, 1, 1, 1]
Test case 127 : [0, 1, 0, 1, 1, 0, 0, 0]
Test case 128 : [0, 1, 0, 1, 1, 0, 0, 1]
Test case 129 : [0, 1, 0, 1, 1, 0, 1, 0]
Test case 130 : [0, 1, 0, 1, 1, 0, 1, 1]
Test case 131 : [0, 1, 0, 1, 1, 1, 0, 0]
Test case 132 : [0, 1, 0, 1, 1, 1, 0, 1]
Test case 133 : [0, 1, 0, 1, 1, 1, 1, 0]
Test case 134 : [0, 1, 0, 1, 1, 1, 1, 1]
Test case 135 : [0, 1, 1, 0, 0, 0, 0, 0]
Test case 136 : [0, 1, 1, 0, 0, 0, 0, 1]
Test case 137 : [0, 1, 1, 0, 0, 0, 1, 0]
Test case 138 : [0, 1, 1, 0, 0, 0, 1, 1]
Test case 139 : [0, 1, 1, 0, 0, 1, 0, 0]
Test case 140 : [0, 1, 1, 0, 0, 1, 0, 1]
Test case 141 : [0, 1, 1, 0, 0, 1, 1, 0]
Test case 142 : [0, 1, 1, 0, 0, 1, 1, 1]
Test case 143 : [0, 1, 1, 0, 1, 0, 0, 0]
Test case 144 : [0, 1, 1, 0, 1, 0, 0, 1]
Test case 145 : [0, 1, 1, 0, 1, 0, 1, 0]
Test case 146 : [0, 1, 1, 0, 1, 0, 1, 1]
Test case 147 : [0, 1, 1, 0, 1, 1, 0, 0]
Test case 148 : [0, 1, 1, 0, 1, 1, 0, 1]
Test case 149 : [0, 1, 1, 0, 1, 1, 1, 0]
Test case 150 : [0, 1, 1, 0, 1, 1, 1, 1]
Test case 151 : [0, 1, 1, 1, 0, 0, 0, 0]
Test case 152 : [0, 1, 1, 1, 0, 0, 0, 1]
Test case 153 : [0, 1, 1, 1, 0, 0, 1, 0]
Test case 154 : [0, 1, 1, 1, 0, 0, 1, 1]
Test case 155 : [0, 1, 1, 1, 0, 1, 0, 0]
Test case 156 : [0, 1, 1, 1, 0, 1, 0, 1]
Test case 157 : [0, 1, 1, 1, 0, 1, 1, 0]
Test case 158 : [0, 1, 1, 1, 0, 1, 1, 1]
Test case 159 : [0, 1, 1, 1, 1, 0, 0, 0]
Test case 160 : [0, 1, 1, 1, 1, 0, 0, 1]
Test case 161 : [0, 1, 1, 1, 1, 0, 1, 0]
Test case 162 : [0, 1, 1, 1, 1, 0, 1, 1]
Test case 163 : [0, 1, 1, 1, 1, 1, 0, 0]
Test case 164 : [0, 1, 1, 1, 1, 1, 0, 1]
Test case 165 : [0, 1, 1, 1, 1, 1, 1, 0]
Test case 166 : [0, 1, 1, 1, 1, 1, 1, 1]
Test case 167 : [1, 0, 0, 0, 0, 0, 0, 0]
Test case 168 : [1, 0, 0, 0, 0, 0, 0, 1]
Test case 169 : [1, 0, 0, 0, 0, 0, 1, 0]
Test case 170 : [1, 0, 0, 0, 0, 0, 1, 1]
Test case 171 : [1, 0, 0, 0, 0, 1, 0, 0]
Test case 172 : [1, 0, 0, 0, 0, 1, 0, 1]
Test case 173 : [1, 0, 0, 0, 0, 1, 1, 0]
Test case 174 : [1, 0, 0, 0, 0, 1, 1, 1]
Test case 175 : [1, 0, 0, 0, 1, 0, 0, 0]
Test case 176 : [1, 0, 0, 0, 1, 0, 0, 1]
Test case 177 : [1, 0, 0, 0, 1, 0, 1, 0]
Test case 178 : [1, 0, 0, 0, 1, 0, 1, 1]
Test case 179 : [1, 0, 0, 0, 1, 1, 0, 0]
Test case 180 : [1, 0, 0, 0, 1, 1, 0, 1]
Test case 181 : [1, 0, 0, 0, 1, 1, 1, 0]
Test case 182 : [1, 0, 0, 0, 1, 1, 1, 1]
Test case 183 : [1, 0, 0, 1, 0, 0, 0, 0]
Test case 184 : [1, 0, 0, 1, 0, 0, 0, 1]
Test case 185 : [1, 0, 0, 1, 0, 0, 1, 0]
Test case 186 : [1, 0, 0, 1, 0, 0, 1, 1]
Test case 187 : [1, 0, 0, 1, 0, 1, 0, 0]
Test case 188 : [1, 0, 0, 1, 0, 1, 0, 1]
Test case 189 : [1, 0, 0, 1, 0, 1, 1, 0]
Test case 190 : [1, 0, 0, 1, 0, 1, 1, 1]
Test case 191 : [1, 0, 0, 1, 1, 0, 0, 0]
Test case 192 : [1, 0, 0, 1, 1, 0, 0, 1]
Test case 193 : [1, 0, 0, 1, 1, 0, 1, 0]
Test case 194 : [1, 0, 0, 1, 1, 0, 1, 1]
Test case 195 : [1, 0, 0, 1, 1, 1, 0, 0]
Test case 196 : [1, 0, 0, 1, 1, 1, 0, 1]
Test case 197 : [1, 0, 0, 1, 1, 1, 1, 0]
Test case 198 : [1, 0, 0, 1, 1, 1, 1, 1]
Test case 199 : [1, 0, 1, 0, 0, 0, 0, 0]
Test case 200 : [1, 0, 1, 0, 0, 0, 0, 1]
Test case 201 : [1, 0, 1, 0, 0, 0, 1, 0]
Test case 202 : [1, 0, 1, 0, 0, 0, 1, 1]
Test case 203 : [1, 0, 1, 0, 0, 1, 0, 0]
Test case 204 : [1, 0, 1, 0, 0, 1, 0, 1]
Test case 205 : [1, 0, 1, 0, 0, 1, 1, 0]
Test case 206 : [1, 0, 1, 0, 0, 1, 1, 1]
Test case 207 : [1, 0, 1, 0, 1, 0, 0, 0]
Test case 208 : [1, 0, 1, 0, 1, 0, 0, 1]
Test case 209 : [1, 0, 1, 0, 1, 0, 1, 0]
Test case 210 : [1, 0, 1, 0, 1, 0, 1, 1]
Test case 211 : [1, 0, 1, 0, 1, 1, 0, 0]
Test case 212 : [1, 0, 1, 0, 1, 1, 0, 1]
Test case 213 : [1, 0, 1, 0, 1, 1, 1, 0]
Test case 214 : [1, 0, 1, 0, 1, 1, 1, 1]
Test case 215 : [1, 0, 1, 1, 0, 0, 0, 0]
Test case 216 : [1, 0, 1, 1, 0, 0, 0, 1]
Test case 217 : [1, 0, 1, 1, 0, 0, 1, 0]
Test case 218 : [1, 0, 1, 1, 0, 0, 1, 1]
Test case 219 : [1, 0, 1, 1, 0, 1, 0, 0]
Test case 220 : [1, 0, 1, 1, 0, 1, 0, 1]
Test case 221 : [1, 0, 1, 1, 0, 1, 1, 0]
Test case 222 : [1, 0, 1, 1, 0, 1, 1, 1]
Test case 223 : [1, 0, 1, 1, 1, 0, 0, 0]
Test case 224 : [1, 0, 1, 1, 1, 0, 0, 1]
Test case 225 : [1, 0, 1, 1, 1, 0, 1, 0]
Test case 226 : [1, 0, 1, 1, 1, 0, 1, 1]
Test case 227 : [1, 0, 1, 1, 1, 1, 0, 0]
Test case 228 : [1, 0, 1, 1, 1, 1, 0, 1]
Test case 229 : [1, 0, 1, 1, 1, 1, 1, 0]
Test case 230 : [1, 0, 1, 1, 1, 1, 1, 1]
Test case 231 : [1, 1, 0, 0, 0, 0, 0, 0]
Test case 232 : [1, 1, 0, 0, 0, 0, 0, 1]
Test case 233 : [1, 1, 0, 0, 0, 0, 1, 0]
Test case 234 : [1, 1, 0, 0, 0, 0, 1, 1]
Test case 235 : [1, 1, 0, 0, 0, 1, 0, 0]
Test case 236 : [1, 1, 0, 0, 0, 1, 0, 1]
Test case 237 : [1, 1, 0, 0, 0, 1, 1, 0]
Test case 238 : [1, 1, 0, 0, 0, 1, 1, 1]
Test case 239 : [1, 1, 0, 0, 1, 0, 0, 0]
Test case 240 : [1, 1, 0, 0, 1, 0, 0, 1]
Test case 241 : [1, 1, 0, 0, 1, 0, 1, 0]
Test case 242 : [1, 1, 0, 0, 1, 0, 1, 1]
Test case 243 : [1, 1, 0, 0, 1, 1, 0, 0]
Test case 244 : [1, 1, 0, 0, 1, 1, 0, 1]
Test case 245 : [1, 1, 0, 0, 1, 1, 1, 0]
Test case 246 : [1, 1, 0, 0, 1, 1, 1, 1]
Test case 247 : [1, 1, 0, 1, 0, 0, 0, 0]
Test case 248 : [1, 1, 0, 1, 0, 0, 0, 1]
Test case 249 : [1, 1, 0, 1, 0, 0, 1, 0]
Test case 250 : [1, 1, 0, 1, 0, 0, 1, 1]
Test case 251 : [1, 1, 0, 1, 0, 1, 0, 0]
Test case 252 : [1, 1, 0, 1, 0, 1, 0, 1]
Test case 253 : [1, 1, 0, 1, 0, 1, 1, 0]
Test case 254 : [1, 1, 0, 1, 0, 1, 1, 1]
Test case 255 : [1, 1, 0, 1, 1, 0, 0, 0]
Test case 256 : [1, 1, 0, 1, 1, 0, 0, 1]
Test case 257 : [1, 1, 0, 1, 1, 0, 1, 0]
Test case 258 : [1, 1, 0, 1, 1, 0, 1, 1]
Test case 259 : [1, 1, 0, 1, 1, 1, 0, 0]
Test case 260 : [1, 1, 0, 1, 1, 1, 0, 1]
Test case 261 : [1, 1, 0, 1, 1, 1, 1, 0]
Test case 262 : [1, 1, 0, 1, 1, 1, 1, 1]
Test case 263 : [1, 1, 1, 0, 0, 0, 0, 0]
Test case 264 : [1, 1, 1, 0, 0, 0, 0, 1]
Test case 265 : [1, 1, 1, 0, 0, 0, 1, 0]
Test case 266 : [1, 1, 1, 0, 0, 0, 1, 1]
Test case 267 : [1, 1, 1, 0, 0, 1, 0, 0]
Test case 268 : [1, 1, 1, 0, 0, 1, 0, 1]
Test case 269 : [1, 1, 1, 0, 0, 1, 1, 0]
Test case 270 : [1, 1, 1, 0, 0, 1, 1, 1]
Test case 271 : [1, 1, 1, 0, 1, 0, 0, 0]
Test case 272 : [1, 1, 1, 0, 1, 0, 0, 1]
Test case 273 : [1, 1, 1, 0, 1, 0, 1, 0]
Test case 274 : [1, 1, 1, 0, 1, 0, 1, 1]
Test case 275 : [1, 1, 1, 0, 1, 1, 0, 0]
Test case 276 : [1, 1, 1, 0, 1, 1, 0, 1]
Test case 277 : [1, 1, 1, 0, 1, 1, 1, 0]
Test case 278 : [1, 1, 1, 0, 1, 1, 1, 1]
Test case 279 : [1, 1, 1, 1, 0, 0, 0, 0]
Test case 280 : [1, 1, 1, 1, 0, 0, 0, 1]
Test case 281 : [1, 1, 1, 1, 0, 0, 1, 0]
Test case 282 : [1, 1, 1, 1, 0, 0, 1, 1]
Test case 283 : [1, 1, 1, 1, 0, 1, 0, 0]
Test case 284 : [1, 1, 1, 1, 0, 1, 0, 1]
Test case 285 : [1, 1, 1, 1, 0, 1, 1, 0]
Test case 286 : [1, 1, 1, 1, 0, 1, 1, 1]
Test case 287 : [1, 1, 1, 1, 1, 0, 0, 0]
Test case 288 : [1, 1, 1, 1, 1, 0, 0, 1]
Test case 289 : [1, 1, 1, 1, 1, 0, 1, 0]
Test case 290 : [1, 1, 1, 1, 1, 0, 1, 1]
Test case 291 : [1, 1, 1, 1, 1, 1, 0, 0]
Test case 292 : [1, 1, 1, 1, 1, 1, 0, 1]
Test case 293 : [1, 1, 1, 1, 1, 1, 1, 0]
Test case 294 : [1, 1, 1, 1, 1, 1, 1, 1]
Test case 295 : [0, 0, 0, 0, 0, 0, 0, 0, 0, 0]
Test case 296 : [0, 0, 0, 0, 0, 0, 0, 0, 0, 1]
Test case 297 : [0, 0, 0, 0, 0, 0, 0, 0, 1, 0]
Test case 298 : [0, 0, 0, 0, 0, 0, 0, 0, 1, 1]
Test case 299 : [0, 0, 0, 0, 0, 0, 0, 1, 0, 0]
Test case 300 : [0, 0, 0, 0, 0, 0, 0, 1, 0, 1]
Test case 301 : [0, 0, 0, 0, 0, 0, 0, 1, 1, 0]
Test case 302 : [0, 0, 0, 0, 0, 0, 0, 1, 1, 1]
Test case 303 : [0, 0, 0, 0, 0, 0, 1, 0, 0, 0]
Test case 304 : [0, 0, 0, 0, 0, 0, 1, 0, 0, 1]
Test case 305 : [0, 0, 0, 0, 0, 0, 1, 0, 1, 0]
Test case 306 : [0, 0, 0, 0, 0, 0, 1, 0, 1, 1]
Test case 307 : [0, 0, 0, 0, 0, 0, 1, 1, 0, 0]
Test case 308 : [0, 0, 0, 0, 0, 0, 1, 1, 0, 1]
Test case 309 : [0, 0, 0, 0, 0, 0, 1, 1, 1, 0]
Test case 310 : [0, 0, 0, 0, 0, 0, 1, 1, 1, 1]
Test case 311 : [0, 0, 0, 0, 0, 1, 0, 0, 0, 0]
Test case 312 : [0, 0, 0, 0, 0, 1, 0, 0, 0, 1]
Test case 313 : [0, 0, 0, 0, 0, 1, 0, 0, 1, 0]
Test case 314 : [0, 0, 0, 0, 0, 1, 0, 0, 1, 1]
Test case 315 : [0, 0, 0, 0, 0, 1, 0, 1, 0, 0]
Test case 316 : [0, 0, 0, 0, 0, 1, 0, 1, 0, 1]
Test case 317 : [0, 0, 0, 0, 0, 1, 0, 1, 1, 0]
Test case 318 : [0, 0, 0, 0, 0, 1, 0, 1, 1, 1]
Test case 319 : [0, 0, 0, 0, 0, 1, 1, 0, 0, 0]
Test case 320 : [0, 0, 0, 0, 0, 1, 1, 0, 0, 1]
Test case 321 : [0, 0, 0, 0, 0, 1, 1, 0, 1, 0]
Test case 322 : [0, 0, 0, 0, 0, 1, 1, 0, 1, 1]
Test case 323 : [0, 0, 0, 0, 0, 1, 1, 1, 0, 0]
Test case 324 : [0, 0, 0, 0, 0, 1, 1, 1, 0, 1]
Test case 325 : [0, 0, 0, 0, 0, 1, 1, 1, 1, 0]
Test case 326 : [0, 0, 0, 0, 0, 1, 1, 1, 1, 1]
Test case 327 : [0, 0, 0, 0, 1, 0, 0, 0, 0, 0]
Test case 328 : [0, 0, 0, 0, 1, 0, 0, 0, 0, 1]
Test case 329 : [0, 0, 0, 0, 1, 0, 0, 0, 1, 0]
Test case 330 : [0, 0, 0, 0, 1, 0, 0, 0, 1, 1]
Test case 331 : [0, 0, 0, 0, 1, 0, 0, 1, 0, 0]
Test case 332 : [0, 0, 0, 0, 1, 0, 0, 1, 0, 1]
Test case 333 : [0, 0, 0, 0, 1, 0, 0, 1, 1, 0]
Test case 334 : [0, 0, 0, 0, 1, 0, 0, 1, 1, 1]
Test case 335 : [0, 0, 0, 0, 1, 0, 1, 0, 0, 0]
Test case 336 : [0, 0, 0, 0, 1, 0, 1, 0, 0, 1]
Test case 337 : [0, 0, 0, 0, 1, 0, 1, 0, 1, 0]
Test case 338 : [0, 0, 0, 0, 1, 0, 1, 0, 1, 1]
Test case 339 : [0, 0, 0, 0, 1, 0, 1, 1, 0, 0]
Test case 340 : [0, 0, 0, 0, 1, 0, 1, 1, 0, 1]
Test case 341 : [0, 0, 0, 0, 1, 0, 1, 1, 1, 0]
Test case 342 : [0, 0, 0, 0, 1, 0, 1, 1, 1, 1]
Test case 343 : [0, 0, 0, 0, 1, 1, 0, 0, 0, 0]
Test case 344 : [0, 0, 0, 0, 1, 1, 0, 0, 0, 1]
Test case 345 : [0, 0, 0, 0, 1, 1, 0, 0, 1, 0]
Test case 346 : [0, 0, 0, 0, 1, 1, 0, 0, 1, 1]
Test case 347 : [0, 0, 0, 0, 1, 1, 0, 1, 0, 0]
Test case 348 : [0, 0, 0, 0, 1, 1, 0, 1, 0, 1]
Test case 349 : [0, 0, 0, 0, 1, 1, 0, 1, 1, 0]
Test case 350 : [0, 0, 0, 0, 1, 1, 0, 1, 1, 1]
Test case 351 : [0, 0, 0, 0, 1, 1, 1, 0, 0, 0]
Test case 352 : [0, 0, 0, 0, 1, 1, 1, 0, 0, 1]
Test case 353 : [0, 0, 0, 0, 1, 1, 1, 0, 1, 0]
Test case 354 : [0, 0, 0, 0, 1, 1, 1, 0, 1, 1]
Test case 355 : [0, 0, 0, 0, 1, 1, 1, 1, 0, 0]
Test case 356 : [0, 0, 0, 0, 1, 1, 1, 1, 0, 1]
Test case 357 : [0, 0, 0, 0, 1, 1, 1, 1, 1, 0]
Test case 358 : [0, 0, 0, 0, 1, 1, 1, 1, 1, 1]
Test case 359 : [0, 0, 0, 1, 0, 0, 0, 0, 0, 0]
Test case 360 : [0, 0, 0, 1, 0, 0, 0, 0, 0, 1]
Test case 361 : [0, 0, 0, 1, 0, 0, 0, 0, 1, 0]
Test case 362 : [0, 0, 0, 1, 0, 0, 0, 0, 1, 1]
Test case 363 : [0, 0, 0, 1, 0, 0, 0, 1, 0, 0]
Test case 364 : [0, 0, 0, 1, 0, 0, 0, 1, 0, 1]
Test case 365 : [0, 0, 0, 1, 0, 0, 0, 1, 1, 0]
Test case 366 : [0, 0, 0, 1, 0, 0, 0, 1, 1, 1]
Test case 367 : [0, 0, 0, 1, 0, 0, 1, 0, 0, 0]
Test case 368 : [0, 0, 0, 1, 0, 0, 1, 0, 0, 1]
Test case 369 : [0, 0, 0, 1, 0, 0, 1, 0, 1, 0]
Test case 370 : [0, 0, 0, 1, 0, 0, 1, 0, 1, 1]
Test case 371 : [0, 0, 0, 1, 0, 0, 1, 1, 0, 0]
Test case 372 : [0, 0, 0, 1, 0, 0, 1, 1, 0, 1]
Test case 373 : [0, 0, 0, 1, 0, 0, 1, 1, 1, 0]
Test case 374 : [0, 0, 0, 1, 0, 0, 1, 1, 1, 1]
Test case 375 : [0, 0, 0, 1, 0, 1, 0, 0, 0, 0]
Test case 376 : [0, 0, 0, 1, 0, 1, 0, 0, 0, 1]
Test case 377 : [0, 0, 0, 1, 0, 1, 0, 0, 1, 0]
Test case 378 : [0, 0, 0, 1, 0, 1, 0, 0, 1, 1]
Test case 379 : [0, 0, 0, 1, 0, 1, 0, 1, 0, 0]
Test case 380 : [0, 0, 0, 1, 0, 1, 0, 1, 0, 1]
Test case 381 : [0, 0, 0, 1, 0, 1, 0, 1, 1, 0]
Test case 382 : [0, 0, 0, 1, 0, 1, 0, 1, 1, 1]
Test case 383 : [0, 0, 0, 1, 0, 1, 1, 0, 0, 0]
Test case 384 : [0, 0, 0, 1, 0, 1, 1, 0, 0, 1]
Test case 385 : [0, 0, 0, 1, 0, 1, 1, 0, 1, 0]
Test case 386 : [0, 0, 0, 1, 0, 1, 1, 0, 1, 1]
Test case 387 : [0, 0, 0, 1, 0, 1, 1, 1, 0, 0]
Test case 388 : [0, 0, 0, 1, 0, 1, 1, 1, 0, 1]
Test case 389 : [0, 0, 0, 1, 0, 1, 1, 1, 1, 0]
Test case 390 : [0, 0, 0, 1, 0, 1, 1, 1, 1, 1]
Test case 391 : [0, 0, 0, 1, 1, 0, 0, 0, 0, 0]
Test case 392 : [0, 0, 0, 1, 1, 0, 0, 0, 0, 1]
Test case 393 : [0, 0, 0, 1, 1, 0, 0, 0, 1, 0]
Test case 394 : [0, 0, 0, 1, 1, 0, 0, 0, 1, 1]
Test case 395 : [0, 0, 0, 1, 1, 0, 0, 1, 0, 0]
Test case 396 : [0, 0, 0, 1, 1, 0, 0, 1, 0, 1]
Test case 397 : [0, 0, 0, 1, 1, 0, 0, 1, 1, 0]
Test case 398 : [0, 0, 0, 1, 1, 0, 0, 1, 1, 1]
Test case 399 : [0, 0, 0, 1, 1, 0, 1, 0, 0, 0]
Test case 400 : [0, 0, 0, 1, 1, 0, 1, 0, 0, 1]
Test case 401 : [0, 0, 0, 1, 1, 0, 1, 0, 1, 0]
Test case 402 : [0, 0, 0, 1, 1, 0, 1, 0, 1, 1]
Test case 403 : [0, 0, 0, 1, 1, 0, 1, 1, 0, 0]
Test case 404 : [0, 0, 0, 1, 1, 0, 1, 1, 0, 1]
Test case 405 : [0, 0, 0, 1, 1, 0, 1, 1, 1, 0]
Test case 406 : [0, 0, 0, 1, 1, 0, 1, 1, 1, 1]
Test case 407 : [0, 0, 0, 1, 1, 1, 0, 0, 0, 0]
Test case 408 : [0, 0, 0, 1, 1, 1, 0, 0, 0, 1]
Test case 409 : [0, 0, 0, 1, 1, 1, 0, 0, 1, 0]
Test case 410 : [0, 0, 0, 1, 1, 1, 0, 0, 1, 1]
Test case 411 : [0, 0, 0, 1, 1, 1, 0, 1, 0, 0]
Test case 412 : [0, 0, 0, 1, 1, 1, 0, 1, 0, 1]
Test case 413 : [0, 0, 0, 1, 1, 1, 0, 1, 1, 0]
Test case 414 : [0, 0, 0, 1, 1, 1, 0, 1, 1, 1]
Test case 415 : [0, 0, 0, 1, 1, 1, 1, 0, 0, 0]
Test case 416 : [0, 0, 0, 1, 1, 1, 1, 0, 0, 1]
Test case 417 : [0, 0, 0, 1, 1, 1, 1, 0, 1, 0]
Test case 418 : [0, 0, 0, 1, 1, 1, 1, 0, 1, 1]
Test case 419 : [0, 0, 0, 1, 1, 1, 1, 1, 0, 0]
Test case 420 : [0, 0, 0, 1, 1, 1, 1, 1, 0, 1]
Test case 421 : [0, 0, 0, 1, 1, 1, 1, 1, 1, 0]
Test case 422 : [0, 0, 0, 1, 1, 1, 1, 1, 1, 1]
Test case 423 : [0, 0, 1, 0, 0, 0, 0, 0, 0, 0]
Test case 424 : [0, 0, 1, 0, 0, 0, 0, 0, 0, 1]
Test case 425 : [0, 0, 1, 0, 0, 0, 0, 0, 1, 0]
Test case 426 : [0, 0, 1, 0, 0, 0, 0, 0, 1, 1]
Test case 427 : [0, 0, 1, 0, 0, 0, 0, 1, 0, 0]
Test case 428 : [0, 0, 1, 0, 0, 0, 0, 1, 0, 1]
Test case 429 : [0, 0, 1, 0, 0, 0, 0, 1, 1, 0]
Test case 430 : [0, 0, 1, 0, 0, 0, 0, 1, 1, 1]
Test case 431 : [0, 0, 1, 0, 0, 0, 1, 0, 0, 0]
Test case 432 : [0, 0, 1, 0, 0, 0, 1, 0, 0, 1]
Test case 433 : [0, 0, 1, 0, 0, 0, 1, 0, 1, 0]
Test case 434 : [0, 0, 1, 0, 0, 0, 1, 0, 1, 1]
Test case 435 : [0, 0, 1, 0, 0, 0, 1, 1, 0, 0]
Test case 436 : [0, 0, 1, 0, 0, 0, 1, 1, 0, 1]
Test case 437 : [0, 0, 1, 0, 0, 0, 1, 1, 1, 0]
Test case 438 : [0, 0, 1, 0, 0, 0, 1, 1, 1, 1]
Test case 439 : [0, 0, 1, 0, 0, 1, 0, 0, 0, 0]
Test case 440 : [0, 0, 1, 0, 0, 1, 0, 0, 0, 1]
Test case 441 : [0, 0, 1, 0, 0, 1, 0, 0, 1, 0]
Test case 442 : [0, 0, 1, 0, 0, 1, 0, 0, 1, 1]
Test case 443 : [0, 0, 1, 0, 0, 1, 0, 1, 0, 0]
Test case 444 : [0, 0, 1, 0, 0, 1, 0, 1, 0, 1]
Test case 445 : [0, 0, 1, 0, 0, 1, 0, 1, 1, 0]
Test case 446 : [0, 0, 1, 0, 0, 1, 0, 1, 1, 1]
Test case 447 : [0, 0, 1, 0, 0, 1, 1, 0, 0, 0]
Test case 448 : [0, 0, 1, 0, 0, 1, 1, 0, 0, 1]
Test case 449 : [0, 0, 1, 0, 0, 1, 1, 0, 1, 0]
Test case 450 : [0, 0, 1, 0, 0, 1, 1, 0, 1, 1]
Test case 451 : [0, 0, 1, 0, 0, 1, 1, 1, 0, 0]
Test case 452 : [0, 0, 1, 0, 0, 1, 1, 1, 0, 1]
Test case 453 : [0, 0, 1, 0, 0, 1, 1, 1, 1, 0]
Test case 454 : [0, 0, 1, 0, 0, 1, 1, 1, 1, 1]
Test case 455 : [0, 0, 1, 0, 1, 0, 0, 0, 0, 0]
Test case 456 : [0, 0, 1, 0, 1, 0, 0, 0, 0, 1]
Test case 457 : [0, 0, 1, 0, 1, 0, 0, 0, 1, 0]
Test case 458 : [0, 0, 1, 0, 1, 0, 0, 0, 1, 1]
Test case 459 : [0, 0, 1, 0, 1, 0, 0, 1, 0, 0]
Test case 460 : [0, 0, 1, 0, 1, 0, 0, 1, 0, 1]
Test case 461 : [0, 0, 1, 0, 1, 0, 0, 1, 1, 0]
Test case 462 : [0, 0, 1, 0, 1, 0, 0, 1, 1, 1]
Test case 463 : [0, 0, 1, 0, 1, 0, 1, 0, 0, 0]
Test case 464 : [0, 0, 1, 0, 1, 0, 1, 0, 0, 1]
Test case 465 : [0, 0, 1, 0, 1, 0, 1, 0, 1, 0]
Test case 466 : [0, 0, 1, 0, 1, 0, 1, 0, 1, 1]
Test case 467 : [0, 0, 1, 0, 1, 0, 1, 1, 0, 0]
Test case 468 : [0, 0, 1, 0, 1, 0, 1, 1, 0, 1]
Test case 469 : [0, 0, 1, 0, 1, 0, 1, 1, 1, 0]
Test case 470 : [0, 0, 1, 0, 1, 0, 1, 1, 1, 1]
Test case 471 : [0, 0, 1, 0, 1, 1, 0, 0, 0, 0]
Test case 472 : [0, 0, 1, 0, 1, 1, 0, 0, 0, 1]
Test case 473 : [0, 0, 1, 0, 1, 1, 0, 0, 1, 0]
Test case 474 : [0, 0, 1, 0, 1, 1, 0, 0, 1, 1]
Test case 475 : [0, 0, 1, 0, 1, 1, 0, 1, 0, 0]
Test case 476 : [0, 0, 1, 0, 1, 1, 0, 1, 0, 1]
Test case 477 : [0, 0, 1, 0, 1, 1, 0, 1, 1, 0]
Test case 478 : [0, 0, 1, 0, 1, 1, 0, 1, 1, 1]
Test case 479 : [0, 0, 1, 0, 1, 1, 1, 0, 0, 0]
Test case 480 : [0, 0, 1, 0, 1, 1, 1, 0, 0, 1]
Test case 481 : [0, 0, 1, 0, 1, 1, 1, 0, 1, 0]
Test case 482 : [0, 0, 1, 0, 1, 1, 1, 0, 1, 1]
Test case 483 : [0, 0, 1, 0, 1, 1, 1, 1, 0, 0]
Test case 484 : [0, 0, 1, 0, 1, 1, 1, 1, 0, 1]
Test case 485 : [0, 0, 1, 0, 1, 1, 1, 1, 1, 0]
Test case 486 : [0, 0, 1, 0, 1, 1, 1, 1, 1, 1]
Test case 487 : [0, 0, 1, 1, 0, 0, 0, 0, 0, 0]
Test case 488 : [0, 0, 1, 1, 0, 0, 0, 0, 0, 1]
Test case 489 : [0, 0, 1, 1, 0, 0, 0, 0, 1, 0]
Test case 490 : [0, 0, 1, 1, 0, 0, 0, 0, 1, 1]
Test case 491 : [0, 0, 1, 1, 0, 0, 0, 1, 0, 0]
Test case 492 : [0, 0, 1, 1, 0, 0, 0, 1, 0, 1]
Test case 493 : [0, 0, 1, 1, 0, 0, 0, 1, 1, 0]
Test case 494 : [0, 0, 1, 1, 0, 0, 0, 1, 1, 1]
Test case 495 : [0, 0, 1, 1, 0, 0, 1, 0, 0, 0]
Test case 496 : [0, 0, 1, 1, 0, 0, 1, 0, 0, 1]
Test case 497 : [0, 0, 1, 1, 0, 0, 1, 0, 1, 0]
Test case 498 : [0, 0, 1, 1, 0, 0, 1, 0, 1, 1]
Test case 499 : [0, 0, 1, 1, 0, 0, 1, 1, 0, 0]
Test case 500 : [0, 0, 1, 1, 0, 0, 1, 1, 0, 1]
Test case 501 : [0, 0, 1, 1, 0, 0, 1, 1, 1, 0]
Test case 502 : [0, 0, 1, 1, 0, 0, 1, 1, 1, 1]
Test case 503 : [0, 0, 1, 1, 0, 1, 0, 0, 0, 0]
Test case 504 : [0, 0, 1, 1, 0, 1, 0, 0, 0, 1]
Test case 505 : [0, 0, 1, 1, 0, 1, 0, 0, 1, 0]
Test case 506 : [0, 0, 1, 1, 0, 1, 0, 0, 1, 1]
Test case 507 : [0, 0, 1, 1, 0, 1, 0, 1, 0, 0]
Test case 508 : [0, 0, 1, 1, 0, 1, 0, 1, 0, 1]
Test case 509 : [0, 0, 1, 1, 0, 1, 0, 1, 1, 0]
Test case 510 : [0, 0, 1, 1, 0, 1, 0, 1, 1, 1]
Test case 511 : [0, 0, 1, 1, 0, 1, 1, 0, 0, 0]
Test case 512 : [0, 0, 1, 1, 0, 1, 1, 0, 0, 1]
Test case 513 : [0, 0, 1, 1, 0, 1, 1, 0, 1, 0]
Test case 514 : [0, 0, 1, 1, 0, 1, 1, 0, 1, 1]
Test case 515 : [0, 0, 1, 1, 0, 1, 1, 1, 0, 0]
Test case 516 : [0, 0, 1, 1, 0, 1, 1, 1, 0, 1]
Test case 517 : [0, 0, 1, 1, 0, 1, 1, 1, 1, 0]
Test case 518 : [0, 0, 1, 1, 0, 1, 1, 1, 1, 1]
Test case 519 : [0, 0, 1, 1, 1, 0, 0, 0, 0, 0]
Test case 520 : [0, 0, 1, 1, 1, 0, 0, 0, 0, 1]
Test case 521 : [0, 0, 1, 1, 1, 0, 0, 0, 1, 0]
Test case 522 : [0, 0, 1, 1, 1, 0, 0, 0, 1, 1]
Test case 523 : [0, 0, 1, 1, 1, 0, 0, 1, 0, 0]
Test case 524 : [0, 0, 1, 1, 1, 0, 0, 1, 0, 1]
Test case 525 : [0, 0, 1, 1, 1, 0, 0, 1, 1, 0]
Test case 526 : [0, 0, 1, 1, 1, 0, 0, 1, 1, 1]
Test case 527 : [0, 0, 1, 1, 1, 0, 1, 0, 0, 0]
Test case 528 : [0, 0, 1, 1, 1, 0, 1, 0, 0, 1]
Test case 529 : [0, 0, 1, 1, 1, 0, 1, 0, 1, 0]
Test case 530 : [0, 0, 1, 1, 1, 0, 1, 0, 1, 1]
Test case 531 : [0, 0, 1, 1, 1, 0, 1, 1, 0, 0]
Test case 532 : [0, 0, 1, 1, 1, 0, 1, 1, 0, 1]
Test case 533 : [0, 0, 1, 1, 1, 0, 1, 1, 1, 0]
Test case 534 : [0, 0, 1, 1, 1, 0, 1, 1, 1, 1]
Test case 535 : [0, 0, 1, 1, 1, 1, 0, 0, 0, 0]
Test case 536 : [0, 0, 1, 1, 1, 1, 0, 0, 0, 1]
Test case 537 : [0, 0, 1, 1, 1, 1, 0, 0, 1, 0]
Test case 538 : [0, 0, 1, 1, 1, 1, 0, 0, 1, 1]
Test case 539 : [0, 0, 1, 1, 1, 1, 0, 1, 0, 0]
Test case 540 : [0, 0, 1, 1, 1, 1, 0, 1, 0, 1]
Test case 541 : [0, 0, 1, 1, 1, 1, 0, 1, 1, 0]
Test case 542 : [0, 0, 1, 1, 1, 1, 0, 1, 1, 1]
Test case 543 : [0, 0, 1, 1, 1, 1, 1, 0, 0, 0]
Test case 544 : [0, 0, 1, 1, 1, 1, 1, 0, 0, 1]
Test case 545 : [0, 0, 1, 1, 1, 1, 1, 0, 1, 0]
Test case 546 : [0, 0, 1, 1, 1, 1, 1, 0, 1, 1]
Test case 547 : [0, 0, 1, 1, 1, 1, 1, 1, 0, 0]
Test case 548 : [0, 0, 1, 1, 1, 1, 1, 1, 0, 1]
Test case 549 : [0, 0, 1, 1, 1, 1, 1, 1, 1, 0]
Test case 550 : [0, 0, 1, 1, 1, 1, 1, 1, 1, 1]
Test case 551 : [0, 1, 0, 0, 0, 0, 0, 0, 0, 0]
Test case 552 : [0, 1, 0, 0, 0, 0, 0, 0, 0, 1]
Test case 553 : [0, 1, 0, 0, 0, 0, 0, 0, 1, 0]
Test case 554 : [0, 1, 0, 0, 0, 0, 0, 0, 1, 1]
Test case 555 : [0, 1, 0, 0, 0, 0, 0, 1, 0, 0]
Test case 556 : [0, 1, 0, 0, 0, 0, 0, 1, 0, 1]
Test case 557 : [0, 1, 0, 0, 0, 0, 0, 1, 1, 0]
Test case 558 : [0, 1, 0, 0, 0, 0, 0, 1, 1, 1]
Test case 559 : [0, 1, 0, 0, 0, 0, 1, 0, 0, 0]
Test case 560 : [0, 1, 0, 0, 0, 0, 1, 0, 0, 1]
Test case 561 : [0, 1, 0, 0, 0, 0, 1, 0, 1, 0]
Test case 562 : [0, 1, 0, 0, 0, 0, 1, 0, 1, 1]
Test case 563 : [0, 1, 0, 0, 0, 0, 1, 1, 0, 0]
Test case 564 : [0, 1, 0, 0, 0, 0, 1, 1, 0, 1]
Test case 565 : [0, 1, 0, 0, 0, 0, 1, 1, 1, 0]
Test case 566 : [0, 1, 0, 0, 0, 0, 1, 1, 1, 1]
Test case 567 : [0, 1, 0, 0, 0, 1, 0, 0, 0, 0]
Test case 568 : [0, 1, 0, 0, 0, 1, 0, 0, 0, 1]
Test case 569 : [0, 1, 0, 0, 0, 1, 0, 0, 1, 0]
Test case 570 : [0, 1, 0, 0, 0, 1, 0, 0, 1, 1]
Test case 571 : [0, 1, 0, 0, 0, 1, 0, 1, 0, 0]
Test case 572 : [0, 1, 0, 0, 0, 1, 0, 1, 0, 1]
Test case 573 : [0, 1, 0, 0, 0, 1, 0, 1, 1, 0]
Test case 574 : [0, 1, 0, 0, 0, 1, 0, 1, 1, 1]
Test case 575 : [0, 1, 0, 0, 0, 1, 1, 0, 0, 0]
Test case 576 : [0, 1, 0, 0, 0, 1, 1, 0, 0, 1]
Test case 577 : [0, 1, 0, 0, 0, 1, 1, 0, 1, 0]
Test case 578 : [0, 1, 0, 0, 0, 1, 1, 0, 1, 1]
Test case 579 : [0, 1, 0, 0, 0, 1, 1, 1, 0, 0]
Test case 580 : [0, 1, 0, 0, 0, 1, 1, 1, 0, 1]
Test case 581 : [0, 1, 0, 0, 0, 1, 1, 1, 1, 0]
Test case 582 : [0, 1, 0, 0, 0, 1, 1, 1, 1, 1]
Test case 583 : [0, 1, 0, 0, 1, 0, 0, 0, 0, 0]
Test case 584 : [0, 1, 0, 0, 1, 0, 0, 0, 0, 1]
Test case 585 : [0, 1, 0, 0, 1, 0, 0, 0, 1, 0]
Test case 586 : [0, 1, 0, 0, 1, 0, 0, 0, 1, 1]
Test case 587 : [0, 1, 0, 0, 1, 0, 0, 1, 0, 0]
Test case 588 : [0, 1, 0, 0, 1, 0, 0, 1, 0, 1]
Test case 589 : [0, 1, 0, 0, 1, 0, 0, 1, 1, 0]
Test case 590 : [0, 1, 0, 0, 1, 0, 0, 1, 1, 1]
Test case 591 : [0, 1, 0, 0, 1, 0, 1, 0, 0, 0]
Test case 592 : [0, 1, 0, 0, 1, 0, 1, 0, 0, 1]
Test case 593 : [0, 1, 0, 0, 1, 0, 1, 0, 1, 0]
Test case 594 : [0, 1, 0, 0, 1, 0, 1, 0, 1, 1]
Test case 595 : [0, 1, 0, 0, 1, 0, 1, 1, 0, 0]
Test case 596 : [0, 1, 0, 0, 1, 0, 1, 1, 0, 1]
Test case 597 : [0, 1, 0, 0, 1, 0, 1, 1, 1, 0]
Test case 598 : [0, 1, 0, 0, 1, 0, 1, 1, 1, 1]
Test case 599 : [0, 1, 0, 0, 1, 1, 0, 0, 0, 0]
Test case 600 : [0, 1, 0, 0, 1, 1, 0, 0, 0, 1]
Test case 601 : [0, 1, 0, 0, 1, 1, 0, 0, 1, 0]
Test case 602 : [0, 1, 0, 0, 1, 1, 0, 0, 1, 1]
Test case 603 : [0, 1, 0, 0, 1, 1, 0, 1, 0, 0]
Test case 604 : [0, 1, 0, 0, 1, 1, 0, 1, 0, 1]
Test case 605 : [0, 1, 0, 0, 1, 1, 0, 1, 1, 0]
Test case 606 : [0, 1, 0, 0, 1, 1, 0, 1, 1, 1]
Test case 607 : [0, 1, 0, 0, 1, 1, 1, 0, 0, 0]
Test case 608 : [0, 1, 0, 0, 1, 1, 1, 0, 0, 1]
Test case 609 : [0, 1, 0, 0, 1, 1, 1, 0, 1, 0]
Test case 610 : [0, 1, 0, 0, 1, 1, 1, 0, 1, 1]
Test case 611 : [0, 1, 0, 0, 1, 1, 1, 1, 0, 0]
Test case 612 : [0, 1, 0, 0, 1, 1, 1, 1, 0, 1]
Test case 613 : [0, 1, 0, 0, 1, 1, 1, 1, 1, 0]
Test case 614 : [0, 1, 0, 0, 1, 1, 1, 1, 1, 1]
Test case 615 : [0, 1, 0, 1, 0, 0, 0, 0, 0, 0]
Test case 616 : [0, 1, 0, 1, 0, 0, 0, 0, 0, 1]
Test case 617 : [0, 1, 0, 1, 0, 0, 0, 0, 1, 0]
Test case 618 : [0, 1, 0, 1, 0, 0, 0, 0, 1, 1]
Test case 619 : [0, 1, 0, 1, 0, 0, 0, 1, 0, 0]
Test case 620 : [0, 1, 0, 1, 0, 0, 0, 1, 0, 1]
Test case 621 : [0, 1, 0, 1, 0, 0, 0, 1, 1, 0]
Test case 622 : [0, 1, 0, 1, 0, 0, 0, 1, 1, 1]
Test case 623 : [0, 1, 0, 1, 0, 0, 1, 0, 0, 0]
Test case 624 : [0, 1, 0, 1, 0, 0, 1, 0, 0, 1]
Test case 625 : [0, 1, 0, 1, 0, 0, 1, 0, 1, 0]
Test case 626 : [0, 1, 0, 1, 0, 0, 1, 0, 1, 1]
Test case 627 : [0, 1, 0, 1, 0, 0, 1, 1, 0, 0]
Test case 628 : [0, 1, 0, 1, 0, 0, 1, 1, 0, 1]
Test case 629 : [0, 1, 0, 1, 0, 0, 1, 1, 1, 0]
Test case 630 : [0, 1, 0, 1, 0, 0, 1, 1, 1, 1]
Test case 631 : [0, 1, 0, 1, 0, 1, 0, 0, 0, 0]
Test case 632 : [0, 1, 0, 1, 0, 1, 0, 0, 0, 1]
Test case 633 : [0, 1, 0, 1, 0, 1, 0, 0, 1, 0]
Test case 634 : [0, 1, 0, 1, 0, 1, 0, 0, 1, 1]
Test case 635 : [0, 1, 0, 1, 0, 1, 0, 1, 0, 0]
Test case 636 : [0, 1, 0, 1, 0, 1, 0, 1, 0, 1]
Test case 637 : [0, 1, 0, 1, 0, 1, 0, 1, 1, 0]
Test case 638 : [0, 1, 0, 1, 0, 1, 0, 1, 1, 1]
Test case 639 : [0, 1, 0, 1, 0, 1, 1, 0, 0, 0]
Test case 640 : [0, 1, 0, 1, 0, 1, 1, 0, 0, 1]
Test case 641 : [0, 1, 0, 1, 0, 1, 1, 0, 1, 0]
Test case 642 : [0, 1, 0, 1, 0, 1, 1, 0, 1, 1]
Test case 643 : [0, 1, 0, 1, 0, 1, 1, 1, 0, 0]
Test case 644 : [0, 1, 0, 1, 0, 1, 1, 1, 0, 1]
Test case 645 : [0, 1, 0, 1, 0, 1, 1, 1, 1, 0]
Test case 646 : [0, 1, 0, 1, 0, 1, 1, 1, 1, 1]
Test case 647 : [0, 1, 0, 1, 1, 0, 0, 0, 0, 0]
Test case 648 : [0, 1, 0, 1, 1, 0, 0, 0, 0, 1]
Test case 649 : [0, 1, 0, 1, 1, 0, 0, 0, 1, 0]
Test case 650 : [0, 1, 0, 1, 1, 0, 0, 0, 1, 1]
Test case 651 : [0, 1, 0, 1, 1, 0, 0, 1, 0, 0]
Test case 652 : [0, 1, 0, 1, 1, 0, 0, 1, 0, 1]
Test case 653 : [0, 1, 0, 1, 1, 0, 0, 1, 1, 0]
Test case 654 : [0, 1, 0, 1, 1, 0, 0, 1, 1, 1]
Test case 655 : [0, 1, 0, 1, 1, 0, 1, 0, 0, 0]
Test case 656 : [0, 1, 0, 1, 1, 0, 1, 0, 0, 1]
Test case 657 : [0, 1, 0, 1, 1, 0, 1, 0, 1, 0]
Test case 658 : [0, 1, 0, 1, 1, 0, 1, 0, 1, 1]
Test case 659 : [0, 1, 0, 1, 1, 0, 1, 1, 0, 0]
Test case 660 : [0, 1, 0, 1, 1, 0, 1, 1, 0, 1]
Test case 661 : [0, 1, 0, 1, 1, 0, 1, 1, 1, 0]
Test case 662 : [0, 1, 0, 1, 1, 0, 1, 1, 1, 1]
Test case 663 : [0, 1, 0, 1, 1, 1, 0, 0, 0, 0]
Test case 664 : [0, 1, 0, 1, 1, 1, 0, 0, 0, 1]
Test case 665 : [0, 1, 0, 1, 1, 1, 0, 0, 1, 0]
Test case 666 : [0, 1, 0, 1, 1, 1, 0, 0, 1, 1]
Test case 667 : [0, 1, 0, 1, 1, 1, 0, 1, 0, 0]
Test case 668 : [0, 1, 0, 1, 1, 1, 0, 1, 0, 1]
Test case 669 : [0, 1, 0, 1, 1, 1, 0, 1, 1, 0]
Test case 670 : [0, 1, 0, 1, 1, 1, 0, 1, 1, 1]
Test case 671 : [0, 1, 0, 1, 1, 1, 1, 0, 0, 0]
Test case 672 : [0, 1, 0, 1, 1, 1, 1, 0, 0, 1]
Test case 673 : [0, 1, 0, 1, 1, 1, 1, 0, 1, 0]
Test case 674 : [0, 1, 0, 1, 1, 1, 1, 0, 1, 1]
Test case 675 : [0, 1, 0, 1, 1, 1, 1, 1, 0, 0]
Test case 676 : [0, 1, 0, 1, 1, 1, 1, 1, 0, 1]
Test case 677 : [0, 1, 0, 1, 1, 1, 1, 1, 1, 0]
Test case 678 : [0, 1, 0, 1, 1, 1, 1, 1, 1, 1]
Test case 679 : [0, 1, 1, 0, 0, 0, 0, 0, 0, 0]
Test case 680 : [0, 1, 1, 0, 0, 0, 0, 0, 0, 1]
Test case 681 : [0, 1, 1, 0, 0, 0, 0, 0, 1, 0]
Test case 682 : [0, 1, 1, 0, 0, 0, 0, 0, 1, 1]
Test case 683 : [0, 1, 1, 0, 0, 0, 0, 1, 0, 0]
Test case 684 : [0, 1, 1, 0, 0, 0, 0, 1, 0, 1]
Test case 685 : [0, 1, 1, 0, 0, 0, 0, 1, 1, 0]
Test case 686 : [0, 1, 1, 0, 0, 0, 0, 1, 1, 1]
Test case 687 : [0, 1, 1, 0, 0, 0, 1, 0, 0, 0]
Test case 688 : [0, 1, 1, 0, 0, 0, 1, 0, 0, 1]
Test case 689 : [0, 1, 1, 0, 0, 0, 1, 0, 1, 0]
Test case 690 : [0, 1, 1, 0, 0, 0, 1, 0, 1, 1]
Test case 691 : [0, 1, 1, 0, 0, 0, 1, 1, 0, 0]
Test case 692 : [0, 1, 1, 0, 0, 0, 1, 1, 0, 1]
Test case 693 : [0, 1, 1, 0, 0, 0, 1, 1, 1, 0]
Test case 694 : [0, 1, 1, 0, 0, 0, 1, 1, 1, 1]
Test case 695 : [0, 1, 1, 0, 0, 1, 0, 0, 0, 0]
Test case 696 : [0, 1, 1, 0, 0, 1, 0, 0, 0, 1]
Test case 697 : [0, 1, 1, 0, 0, 1, 0, 0, 1, 0]
Test case 698 : [0, 1, 1, 0, 0, 1, 0, 0, 1, 1]
Test case 699 : [0, 1, 1, 0, 0, 1, 0, 1, 0, 0]
Test case 700 : [0, 1, 1, 0, 0, 1, 0, 1, 0, 1]
Test case 701 : [0, 1, 1, 0, 0, 1, 0, 1, 1, 0]
Test case 702 : [0, 1, 1, 0, 0, 1, 0, 1, 1, 1]
Test case 703 : [0, 1, 1, 0, 0, 1, 1, 0, 0, 0]
Test case 704 : [0, 1, 1, 0, 0, 1, 1, 0, 0, 1]
Test case 705 : [0, 1, 1, 0, 0, 1, 1, 0, 1, 0]
Test case 706 : [0, 1, 1, 0, 0, 1, 1, 0, 1, 1]
Test case 707 : [0, 1, 1, 0, 0, 1, 1, 1, 0, 0]
Test case 708 : [0, 1, 1, 0, 0, 1, 1, 1, 0, 1]
Test case 709 : [0, 1, 1, 0, 0, 1, 1, 1, 1, 0]
Test case 710 : [0, 1, 1, 0, 0, 1, 1, 1, 1, 1]
Test case 711 : [0, 1, 1, 0, 1, 0, 0, 0, 0, 0]
Test case 712 : [0, 1, 1, 0, 1, 0, 0, 0, 0, 1]
Test case 713 : [0, 1, 1, 0, 1, 0, 0, 0, 1, 0]
Test case 714 : [0, 1, 1, 0, 1, 0, 0, 0, 1, 1]
Test case 715 : [0, 1, 1, 0, 1, 0, 0, 1, 0, 0]
Test case 716 : [0, 1, 1, 0, 1, 0, 0, 1, 0, 1]
Test case 717 : [0, 1, 1, 0, 1, 0, 0, 1, 1, 0]
Test case 718 : [0, 1, 1, 0, 1, 0, 0, 1, 1, 1]
Test case 719 : [0, 1, 1, 0, 1, 0, 1, 0, 0, 0]
Test case 720 : [0, 1, 1, 0, 1, 0, 1, 0, 0, 1]
Test case 721 : [0, 1, 1, 0, 1, 0, 1, 0, 1, 0]
Test case 722 : [0, 1, 1, 0, 1, 0, 1, 0, 1, 1]
Test case 723 : [0, 1, 1, 0, 1, 0, 1, 1, 0, 0]
Test case 724 : [0, 1, 1, 0, 1, 0, 1, 1, 0, 1]
Test case 725 : [0, 1, 1, 0, 1, 0, 1, 1, 1, 0]
Test case 726 : [0, 1, 1, 0, 1, 0, 1, 1, 1, 1]
Test case 727 : [0, 1, 1, 0, 1, 1, 0, 0, 0, 0]
Test case 728 : [0, 1, 1, 0, 1, 1, 0, 0, 0, 1]
Test case 729 : [0, 1, 1, 0, 1, 1, 0, 0, 1, 0]
Test case 730 : [0, 1, 1, 0, 1, 1, 0, 0, 1, 1]
Test case 731 : [0, 1, 1, 0, 1, 1, 0, 1, 0, 0]
Test case 732 : [0, 1, 1, 0, 1, 1, 0, 1, 0, 1]
Test case 733 : [0, 1, 1, 0, 1, 1, 0, 1, 1, 0]
Test case 734 : [0, 1, 1, 0, 1, 1, 0, 1, 1, 1]
Test case 735 : [0, 1, 1, 0, 1, 1, 1, 0, 0, 0]
Test case 736 : [0, 1, 1, 0, 1, 1, 1, 0, 0, 1]
Test case 737 : [0, 1, 1, 0, 1, 1, 1, 0, 1, 0]
Test case 738 : [0, 1, 1, 0, 1, 1, 1, 0, 1, 1]
Test case 739 : [0, 1, 1, 0, 1, 1, 1, 1, 0, 0]
Test case 740 : [0, 1, 1, 0, 1, 1, 1, 1, 0, 1]
Test case 741 : [0, 1, 1, 0, 1, 1, 1, 1, 1, 0]
Test case 742 : [0, 1, 1, 0, 1, 1, 1, 1, 1, 1]
Test case 743 : [0, 1, 1, 1, 0, 0, 0, 0, 0, 0]
Test case 744 : [0, 1, 1, 1, 0, 0, 0, 0, 0, 1]
Test case 745 : [0, 1, 1, 1, 0, 0, 0, 0, 1, 0]
Test case 746 : [0, 1, 1, 1, 0, 0, 0, 0, 1, 1]
Test case 747 : [0, 1, 1, 1, 0, 0, 0, 1, 0, 0]
Test case 748 : [0, 1, 1, 1, 0, 0, 0, 1, 0, 1]
Test case 749 : [0, 1, 1, 1, 0, 0, 0, 1, 1, 0]
Test case 750 : [0, 1, 1, 1, 0, 0, 0, 1, 1, 1]
Test case 751 : [0, 1, 1, 1, 0, 0, 1, 0, 0, 0]
Test case 752 : [0, 1, 1, 1, 0, 0, 1, 0, 0, 1]
Test case 753 : [0, 1, 1, 1, 0, 0, 1, 0, 1, 0]
Test case 754 : [0, 1, 1, 1, 0, 0, 1, 0, 1, 1]
Test case 755 : [0, 1, 1, 1, 0, 0, 1, 1, 0, 0]
Test case 756 : [0, 1, 1, 1, 0, 0, 1, 1, 0, 1]
Test case 757 : [0, 1, 1, 1, 0, 0, 1, 1, 1, 0]
Test case 758 : [0, 1, 1, 1, 0, 0, 1, 1, 1, 1]
Test case 759 : [0, 1, 1, 1, 0, 1, 0, 0, 0, 0]
Test case 760 : [0, 1, 1, 1, 0, 1, 0, 0, 0, 1]
Test case 761 : [0, 1, 1, 1, 0, 1, 0, 0, 1, 0]
Test case 762 : [0, 1, 1, 1, 0, 1, 0, 0, 1, 1]
Test case 763 : [0, 1, 1, 1, 0, 1, 0, 1, 0, 0]
Test case 764 : [0, 1, 1, 1, 0, 1, 0, 1, 0, 1]
Test case 765 : [0, 1, 1, 1, 0, 1, 0, 1, 1, 0]
Test case 766 : [0, 1, 1, 1, 0, 1, 0, 1, 1, 1]
Test case 767 : [0, 1, 1, 1, 0, 1, 1, 0, 0, 0]
Test case 768 : [0, 1, 1, 1, 0, 1, 1, 0, 0, 1]
Test case 769 : [0, 1, 1, 1, 0, 1, 1, 0, 1, 0]
Test case 770 : [0, 1, 1, 1, 0, 1, 1, 0, 1, 1]
Test case 771 : [0, 1, 1, 1, 0, 1, 1, 1, 0, 0]
Test case 772 : [0, 1, 1, 1, 0, 1, 1, 1, 0, 1]
Test case 773 : [0, 1, 1, 1, 0, 1, 1, 1, 1, 0]
Test case 774 : [0, 1, 1, 1, 0, 1, 1, 1, 1, 1]
Test case 775 : [0, 1, 1, 1, 1, 0, 0, 0, 0, 0]
Test case 776 : [0, 1, 1, 1, 1, 0, 0, 0, 0, 1]
Test case 777 : [0, 1, 1, 1, 1, 0, 0, 0, 1, 0]
Test case 778 : [0, 1, 1, 1, 1, 0, 0, 0, 1, 1]
Test case 779 : [0, 1, 1, 1, 1, 0, 0, 1, 0, 0]
Test case 780 : [0, 1, 1, 1, 1, 0, 0, 1, 0, 1]
Test case 781 : [0, 1, 1, 1, 1, 0, 0, 1, 1, 0]
Test case 782 : [0, 1, 1, 1, 1, 0, 0, 1, 1, 1]
Test case 783 : [0, 1, 1, 1, 1, 0, 1, 0, 0, 0]
Test case 784 : [0, 1, 1, 1, 1, 0, 1, 0, 0, 1]
Test case 785 : [0, 1, 1, 1, 1, 0, 1, 0, 1, 0]
Test case 786 : [0, 1, 1, 1, 1, 0, 1, 0, 1, 1]
Test case 787 : [0, 1, 1, 1, 1, 0, 1, 1, 0, 0]
Test case 788 : [0, 1, 1, 1, 1, 0, 1, 1, 0, 1]
Test case 789 : [0, 1, 1, 1, 1, 0, 1, 1, 1, 0]
Test case 790 : [0, 1, 1, 1, 1, 0, 1, 1, 1, 1]
Test case 791 : [0, 1, 1, 1, 1, 1, 0, 0, 0, 0]
Test case 792 : [0, 1, 1, 1, 1, 1, 0, 0, 0, 1]
Test case 793 : [0, 1, 1, 1, 1, 1, 0, 0, 1, 0]
Test case 794 : [0, 1, 1, 1, 1, 1, 0, 0, 1, 1]
Test case 795 : [0, 1, 1, 1, 1, 1, 0, 1, 0, 0]
Test case 796 : [0, 1, 1, 1, 1, 1, 0, 1, 0, 1]
Test case 797 : [0, 1, 1, 1, 1, 1, 0, 1, 1, 0]
Test case 798 : [0, 1, 1, 1, 1, 1, 0, 1, 1, 1]
Test case 799 : [0, 1, 1, 1, 1, 1, 1, 0, 0, 0]
Test case 800 : [0, 1, 1, 1, 1, 1, 1, 0, 0, 1]
Test case 801 : [0, 1, 1, 1, 1, 1, 1, 0, 1, 0]
Test case 802 : [0, 1, 1, 1, 1, 1, 1, 0, 1, 1]
Test case 803 : [0, 1, 1, 1, 1, 1, 1, 1, 0, 0]
Test case 804 : [0, 1, 1, 1, 1, 1, 1, 1, 0, 1]
Test case 805 : [0, 1, 1, 1, 1, 1, 1, 1, 1, 0]
Test case 806 : [0, 1, 1, 1, 1, 1, 1, 1, 1, 1]
Test case 807 : [1, 0, 0, 0, 0, 0, 0, 0, 0, 0]
Test case 808 : [1, 0, 0, 0, 0, 0, 0, 0, 0, 1]
Test case 809 : [1, 0, 0, 0, 0, 0, 0, 0, 1, 0]
Test case 810 : [1, 0, 0, 0, 0, 0, 0, 0, 1, 1]
Test case 811 : [1, 0, 0, 0, 0, 0, 0, 1, 0, 0]
Test case 812 : [1, 0, 0, 0, 0, 0, 0, 1, 0, 1]
Test case 813 : [1, 0, 0, 0, 0, 0, 0, 1, 1, 0]
Test case 814 : [1, 0, 0, 0, 0, 0, 0, 1, 1, 1]
Test case 815 : [1, 0, 0, 0, 0, 0, 1, 0, 0, 0]
Test case 816 : [1, 0, 0, 0, 0, 0, 1, 0, 0, 1]
Test case 817 : [1, 0, 0, 0, 0, 0, 1, 0, 1, 0]
Test case 818 : [1, 0, 0, 0, 0, 0, 1, 0, 1, 1]
Test case 819 : [1, 0, 0, 0, 0, 0, 1, 1, 0, 0]
Test case 820 : [1, 0, 0, 0, 0, 0, 1, 1, 0, 1]
Test case 821 : [1, 0, 0, 0, 0, 0, 1, 1, 1, 0]
Test case 822 : [1, 0, 0, 0, 0, 0, 1, 1, 1, 1]
Test case 823 : [1, 0, 0, 0, 0, 1, 0, 0, 0, 0]
Test case 824 : [1, 0, 0, 0, 0, 1, 0, 0, 0, 1]
Test case 825 : [1, 0, 0, 0, 0, 1, 0, 0, 1, 0]
Test case 826 : [1, 0, 0, 0, 0, 1, 0, 0, 1, 1]
Test case 827 : [1, 0, 0, 0, 0, 1, 0, 1, 0, 0]
Test case 828 : [1, 0, 0, 0, 0, 1, 0, 1, 0, 1]
Test case 829 : [1, 0, 0, 0, 0, 1, 0, 1, 1, 0]
Test case 830 : [1, 0, 0, 0, 0, 1, 0, 1, 1, 1]
Test case 831 : [1, 0, 0, 0, 0, 1, 1, 0, 0, 0]
Test case 832 : [1, 0, 0, 0, 0, 1, 1, 0, 0, 1]
Test case 833 : [1, 0, 0, 0, 0, 1, 1, 0, 1, 0]
Test case 834 : [1, 0, 0, 0, 0, 1, 1, 0, 1, 1]
Test case 835 : [1, 0, 0, 0, 0, 1, 1, 1, 0, 0]
Test case 836 : [1, 0, 0, 0, 0, 1, 1, 1, 0, 1]
Test case 837 : [1, 0, 0, 0, 0, 1, 1, 1, 1, 0]
Test case 838 : [1, 0, 0, 0, 0, 1, 1, 1, 1, 1]
Test case 839 : [1, 0, 0, 0, 1, 0, 0, 0, 0, 0]
Test case 840 : [1, 0, 0, 0, 1, 0, 0, 0, 0, 1]
Test case 841 : [1, 0, 0, 0, 1, 0, 0, 0, 1, 0]
Test case 842 : [1, 0, 0, 0, 1, 0, 0, 0, 1, 1]
Test case 843 : [1, 0, 0, 0, 1, 0, 0, 1, 0, 0]
Test case 844 : [1, 0, 0, 0, 1, 0, 0, 1, 0, 1]
Test case 845 : [1, 0, 0, 0, 1, 0, 0, 1, 1, 0]
Test case 846 : [1, 0, 0, 0, 1, 0, 0, 1, 1, 1]
Test case 847 : [1, 0, 0, 0, 1, 0, 1, 0, 0, 0]
Test case 848 : [1, 0, 0, 0, 1, 0, 1, 0, 0, 1]
Test case 849 : [1, 0, 0, 0, 1, 0, 1, 0, 1, 0]
Test case 850 : [1, 0, 0, 0, 1, 0, 1, 0, 1, 1]
Test case 851 : [1, 0, 0, 0, 1, 0, 1, 1, 0, 0]
Test case 852 : [1, 0, 0, 0, 1, 0, 1, 1, 0, 1]
Test case 853 : [1, 0, 0, 0, 1, 0, 1, 1, 1, 0]
Test case 854 : [1, 0, 0, 0, 1, 0, 1, 1, 1, 1]
Test case 855 : [1, 0, 0, 0, 1, 1, 0, 0, 0, 0]
Test case 856 : [1, 0, 0, 0, 1, 1, 0, 0, 0, 1]
Test case 857 : [1, 0, 0, 0, 1, 1, 0, 0, 1, 0]
Test case 858 : [1, 0, 0, 0, 1, 1, 0, 0, 1, 1]
Test case 859 : [1, 0, 0, 0, 1, 1, 0, 1, 0, 0]
Test case 860 : [1, 0, 0, 0, 1, 1, 0, 1, 0, 1]
Test case 861 : [1, 0, 0, 0, 1, 1, 0, 1, 1, 0]
Test case 862 : [1, 0, 0, 0, 1, 1, 0, 1, 1, 1]
Test case 863 : [1, 0, 0, 0, 1, 1, 1, 0, 0, 0]
Test case 864 : [1, 0, 0, 0, 1, 1, 1, 0, 0, 1]
Test case 865 : [1, 0, 0, 0, 1, 1, 1, 0, 1, 0]
Test case 866 : [1, 0, 0, 0, 1, 1, 1, 0, 1, 1]
Test case 867 : [1, 0, 0, 0, 1, 1, 1, 1, 0, 0]
Test case 868 : [1, 0, 0, 0, 1, 1, 1, 1, 0, 1]
Test case 869 : [1, 0, 0, 0, 1, 1, 1, 1, 1, 0]
Test case 870 : [1, 0, 0, 0, 1, 1, 1, 1, 1, 1]
Test case 871 : [1, 0, 0, 1, 0, 0, 0, 0, 0, 0]
Test case 872 : [1, 0, 0, 1, 0, 0, 0, 0, 0, 1]
Test case 873 : [1, 0, 0, 1, 0, 0, 0, 0, 1, 0]
Test case 874 : [1, 0, 0, 1, 0, 0, 0, 0, 1, 1]
Test case 875 : [1, 0, 0, 1, 0, 0, 0, 1, 0, 0]
Test case 876 : [1, 0, 0, 1, 0, 0, 0, 1, 0, 1]
Test case 877 : [1, 0, 0, 1, 0, 0, 0, 1, 1, 0]
Test case 878 : [1, 0, 0, 1, 0, 0, 0, 1, 1, 1]
Test case 879 : [1, 0, 0, 1, 0, 0, 1, 0, 0, 0]
Test case 880 : [1, 0, 0, 1, 0, 0, 1, 0, 0, 1]
Test case 881 : [1, 0, 0, 1, 0, 0, 1, 0, 1, 0]
Test case 882 : [1, 0, 0, 1, 0, 0, 1, 0, 1, 1]
Test case 883 : [1, 0, 0, 1, 0, 0, 1, 1, 0, 0]
Test case 884 : [1, 0, 0, 1, 0, 0, 1, 1, 0, 1]
Test case 885 : [1, 0, 0, 1, 0, 0, 1, 1, 1, 0]
Test case 886 : [1, 0, 0, 1, 0, 0, 1, 1, 1, 1]
Test case 887 : [1, 0, 0, 1, 0, 1, 0, 0, 0, 0]
Test case 888 : [1, 0, 0, 1, 0, 1, 0, 0, 0, 1]
Test case 889 : [1, 0, 0, 1, 0, 1, 0, 0, 1, 0]
Test case 890 : [1, 0, 0, 1, 0, 1, 0, 0, 1, 1]
Test case 891 : [1, 0, 0, 1, 0, 1, 0, 1, 0, 0]
Test case 892 : [1, 0, 0, 1, 0, 1, 0, 1, 0, 1]
Test case 893 : [1, 0, 0, 1, 0, 1, 0, 1, 1, 0]
Test case 894 : [1, 0, 0, 1, 0, 1, 0, 1, 1, 1]
Test case 895 : [1, 0, 0, 1, 0, 1, 1, 0, 0, 0]
Test case 896 : [1, 0, 0, 1, 0, 1, 1, 0, 0, 1]
Test case 897 : [1, 0, 0, 1, 0, 1, 1, 0, 1, 0]
Test case 898 : [1, 0, 0, 1, 0, 1, 1, 0, 1, 1]
Test case 899 : [1, 0, 0, 1, 0, 1, 1, 1, 0, 0]
Test case 900 : [1, 0, 0, 1, 0, 1, 1, 1, 0, 1]
Test case 901 : [1, 0, 0, 1, 0, 1, 1, 1, 1, 0]
Test case 902 : [1, 0, 0, 1, 0, 1, 1, 1, 1, 1]
Test case 903 : [1, 0, 0, 1, 1, 0, 0, 0, 0, 0]
Test case 904 : [1, 0, 0, 1, 1, 0, 0, 0, 0, 1]
Test case 905 : [1, 0, 0, 1, 1, 0, 0, 0, 1, 0]
Test case 906 : [1, 0, 0, 1, 1, 0, 0, 0, 1, 1]
Test case 907 : [1, 0, 0, 1, 1, 0, 0, 1, 0, 0]
Test case 908 : [1, 0, 0, 1, 1, 0, 0, 1, 0, 1]
Test case 909 : [1, 0, 0, 1, 1, 0, 0, 1, 1, 0]
Test case 910 : [1, 0, 0, 1, 1, 0, 0, 1, 1, 1]
Test case 911 : [1, 0, 0, 1, 1, 0, 1, 0, 0, 0]
Test case 912 : [1, 0, 0, 1, 1, 0, 1, 0, 0, 1]
Test case 913 : [1, 0, 0, 1, 1, 0, 1, 0, 1, 0]
Test case 914 : [1, 0, 0, 1, 1, 0, 1, 0, 1, 1]
Test case 915 : [1, 0, 0, 1, 1, 0, 1, 1, 0, 0]
Test case 916 : [1, 0, 0, 1, 1, 0, 1, 1, 0, 1]
Test case 917 : [1, 0, 0, 1, 1, 0, 1, 1, 1, 0]
Test case 918 : [1, 0, 0, 1, 1, 0, 1, 1, 1, 1]
Test case 919 : [1, 0, 0, 1, 1, 1, 0, 0, 0, 0]
Test case 920 : [1, 0, 0, 1, 1, 1, 0, 0, 0, 1]
Test case 921 : [1, 0, 0, 1, 1, 1, 0, 0, 1, 0]
Test case 922 : [1, 0, 0, 1, 1, 1, 0, 0, 1, 1]
Test case 923 : [1, 0, 0, 1, 1, 1, 0, 1, 0, 0]
Test case 924 : [1, 0, 0, 1, 1, 1, 0, 1, 0, 1]
Test case 925 : [1, 0, 0, 1, 1, 1, 0, 1, 1, 0]
Test case 926 : [1, 0, 0, 1, 1, 1, 0, 1, 1, 1]
Test case 927 : [1, 0, 0, 1, 1, 1, 1, 0, 0, 0]
Test case 928 : [1, 0, 0, 1, 1, 1, 1, 0, 0, 1]
Test case 929 : [1, 0, 0, 1, 1, 1, 1, 0, 1, 0]
Test case 930 : [1, 0, 0, 1, 1, 1, 1, 0, 1, 1]
Test case 931 : [1, 0, 0, 1, 1, 1, 1, 1, 0, 0]
Test case 932 : [1, 0, 0, 1, 1, 1, 1, 1, 0, 1]
Test case 933 : [1, 0, 0, 1, 1, 1, 1, 1, 1, 0]
Test case 934 : [1, 0, 0, 1, 1, 1, 1, 1, 1, 1]
Test case 935 : [1, 0, 1, 0, 0, 0, 0, 0, 0, 0]
Test case 936 : [1, 0, 1, 0, 0, 0, 0, 0, 0, 1]
Test case 937 : [1, 0, 1, 0, 0, 0, 0, 0, 1, 0]
Test case 938 : [1, 0, 1, 0, 0, 0, 0, 0, 1, 1]
Test case 939 : [1, 0, 1, 0, 0, 0, 0, 1, 0, 0]
Test case 940 : [1, 0, 1, 0, 0, 0, 0, 1, 0, 1]
Test case 941 : [1, 0, 1, 0, 0, 0, 0, 1, 1, 0]
Test case 942 : [1, 0, 1, 0, 0, 0, 0, 1, 1, 1]
Test case 943 : [1, 0, 1, 0, 0, 0, 1, 0, 0, 0]
Test case 944 : [1, 0, 1, 0, 0, 0, 1, 0, 0, 1]
Test case 945 : [1, 0, 1, 0, 0, 0, 1, 0, 1, 0]
Test case 946 : [1, 0, 1, 0, 0, 0, 1, 0, 1, 1]
Test case 947 : [1, 0, 1, 0, 0, 0, 1, 1, 0, 0]
Test case 948 : [1, 0, 1, 0, 0, 0, 1, 1, 0, 1]
Test case 949 : [1, 0, 1, 0, 0, 0, 1, 1, 1, 0]
Test case 950 : [1, 0, 1, 0, 0, 0, 1, 1, 1, 1]
Test case 951 : [1, 0, 1, 0, 0, 1, 0, 0, 0, 0]
Test case 952 : [1, 0, 1, 0, 0, 1, 0, 0, 0, 1]
Test case 953 : [1, 0, 1, 0, 0, 1, 0, 0, 1, 0]
Test case 954 : [1, 0, 1, 0, 0, 1, 0, 0, 1, 1]
Test case 955 : [1, 0, 1, 0, 0, 1, 0, 1, 0, 0]
Test case 956 : [1, 0, 1, 0, 0, 1, 0, 1, 0, 1]
Test case 957 : [1, 0, 1, 0, 0, 1, 0, 1, 1, 0]
Test case 958 : [1, 0, 1, 0, 0, 1, 0, 1, 1, 1]
Test case 959 : [1, 0, 1, 0, 0, 1, 1, 0, 0, 0]
Test case 960 : [1, 0, 1, 0, 0, 1, 1, 0, 0, 1]
Test case 961 : [1, 0, 1, 0, 0, 1, 1, 0, 1, 0]
Test case 962 : [1, 0, 1, 0, 0, 1, 1, 0, 1, 1]
Test case 963 : [1, 0, 1, 0, 0, 1, 1, 1, 0, 0]
Test case 964 : [1, 0, 1, 0, 0, 1, 1, 1, 0, 1]
Test case 965 : [1, 0, 1, 0, 0, 1, 1, 1, 1, 0]
Test case 966 : [1, 0, 1, 0, 0, 1, 1, 1, 1, 1]
Test case 967 : [1, 0, 1, 0, 1, 0, 0, 0, 0, 0]
Test case 968 : [1, 0, 1, 0, 1, 0, 0, 0, 0, 1]
Test case 969 : [1, 0, 1, 0, 1, 0, 0, 0, 1, 0]
Test case 970 : [1, 0, 1, 0, 1, 0, 0, 0, 1, 1]
Test case 971 : [1, 0, 1, 0, 1, 0, 0, 1, 0, 0]
Test case 972 : [1, 0, 1, 0, 1, 0, 0, 1, 0, 1]
Test case 973 : [1, 0, 1, 0, 1, 0, 0, 1, 1, 0]
Test case 974 : [1, 0, 1, 0, 1, 0, 0, 1, 1, 1]
Test case 975 : [1, 0, 1, 0, 1, 0, 1, 0, 0, 0]
Test case 976 : [1, 0, 1, 0, 1, 0, 1, 0, 0, 1]
Test case 977 : [1, 0, 1, 0, 1, 0, 1, 0, 1, 0]
Test case 978 : [1, 0, 1, 0, 1, 0, 1, 0, 1, 1]
Test case 979 : [1, 0, 1, 0, 1, 0, 1, 1, 0, 0]
Test case 980 : [1, 0, 1, 0, 1, 0, 1, 1, 0, 1]
Test case 981 : [1, 0, 1, 0, 1, 0, 1, 1, 1, 0]
Test case 982 : [1, 0, 1, 0, 1, 0, 1, 1, 1, 1]
Test case 983 : [1, 0, 1, 0, 1, 1, 0, 0, 0, 0]
Test case 984 : [1, 0, 1, 0, 1, 1, 0, 0, 0, 1]
Test case 985 : [1, 0, 1, 0, 1, 1, 0, 0, 1, 0]
Test case 986 : [1, 0, 1, 0, 1, 1, 0, 0, 1, 1]
Test case 987 : [1, 0, 1, 0, 1, 1, 0, 1, 0, 0]
Test case 988 : [1, 0, 1, 0, 1, 1, 0, 1, 0, 1]
Test case 989 : [1, 0, 1, 0, 1, 1, 0, 1, 1, 0]
Test case 990 : [1, 0, 1, 0, 1, 1, 0, 1, 1, 1]
Test case 991 : [1, 0, 1, 0, 1, 1, 1, 0, 0, 0]
Test case 992 : [1, 0, 1, 0, 1, 1, 1, 0, 0, 1]
Test case 993 : [1, 0, 1, 0, 1, 1, 1, 0, 1, 0]
Test case 994 : [1, 0, 1, 0, 1, 1, 1, 0, 1, 1]
Test case 995 : [1, 0, 1, 0, 1, 1, 1, 1, 0, 0]
Test case 996 : [1, 0, 1, 0, 1, 1, 1, 1, 0, 1]
Test case 997 : [1, 0, 1, 0, 1, 1, 1, 1, 1, 0]
Test case 998 : [1, 0, 1, 0, 1, 1, 1, 1, 1, 1]
Test case 999 : [1, 0, 1, 1, 0, 0, 0, 0, 0, 0]
Test case 1000 : [1, 0, 1, 1, 0, 0, 0, 0, 0, 1]
Test case 1001 : [1, 0, 1, 1, 0, 0, 0, 0, 1, 0]
Test case 1002 : [1, 0, 1, 1, 0, 0, 0, 0, 1, 1]
Test case 1003 : [1, 0, 1, 1, 0, 0, 0, 1, 0, 0]
Test case 1004 : [1, 0, 1, 1, 0, 0, 0, 1, 0, 1]
Test case 1005 : [1, 0, 1, 1, 0, 0, 0, 1, 1, 0]
Test case 1006 : [1, 0, 1, 1, 0, 0, 0, 1, 1, 1]
Test case 1007 : [1, 0, 1, 1, 0, 0, 1, 0, 0, 0]
Test case 1008 : [1, 0, 1, 1, 0, 0, 1, 0, 0, 1]
Test case 1009 : [1, 0, 1, 1, 0, 0, 1, 0, 1, 0]
Test case 1010 : [1, 0, 1, 1, 0, 0, 1, 0, 1, 1]
Test case 1011 : [1, 0, 1, 1, 0, 0, 1, 1, 0, 0]
Test case 1012 : [1, 0, 1, 1, 0, 0, 1, 1, 0, 1]
Test case 1013 : [1, 0, 1, 1, 0, 0, 1, 1, 1, 0]
Test case 1014 : [1, 0, 1, 1, 0, 0, 1, 1, 1, 1]
Test case 1015 : [1, 0, 1, 1, 0, 1, 0, 0, 0, 0]
Test case 1016 : [1, 0, 1, 1, 0, 1, 0, 0, 0, 1]
Test case 1017 : [1, 0, 1, 1, 0, 1, 0, 0, 1, 0]
Test case 1018 : [1, 0, 1, 1, 0, 1, 0, 0, 1, 1]
Test case 1019 : [1, 0, 1, 1, 0, 1, 0, 1, 0, 0]
Test case 1020 : [1, 0, 1, 1, 0, 1, 0, 1, 0, 1]
Test case 1021 : [1, 0, 1, 1, 0, 1, 0, 1, 1, 0]
Test case 1022 : [1, 0, 1, 1, 0, 1, 0, 1, 1, 1]
Test case 1023 : [1, 0, 1, 1, 0, 1, 1, 0, 0, 0]
Test case 1024 : [1, 0, 1, 1, 0, 1, 1, 0, 0, 1]
Test case 1025 : [1, 0, 1, 1, 0, 1, 1, 0, 1, 0]
Test case 1026 : [1, 0, 1, 1, 0, 1, 1, 0, 1, 1]
Test case 1027 : [1, 0, 1, 1, 0, 1, 1, 1, 0, 0]
Test case 1028 : [1, 0, 1, 1, 0, 1, 1, 1, 0, 1]
Test case 1029 : [1, 0, 1, 1, 0, 1, 1, 1, 1, 0]
Test case 1030 : [1, 0, 1, 1, 0, 1, 1, 1, 1, 1]
Test case 1031 : [1, 0, 1, 1, 1, 0, 0, 0, 0, 0]
Test case 1032 : [1, 0, 1, 1, 1, 0, 0, 0, 0, 1]
Test case 1033 : [1, 0, 1, 1, 1, 0, 0, 0, 1, 0]
Test case 1034 : [1, 0, 1, 1, 1, 0, 0, 0, 1, 1]
Test case 1035 : [1, 0, 1, 1, 1, 0, 0, 1, 0, 0]
Test case 1036 : [1, 0, 1, 1, 1, 0, 0, 1, 0, 1]
Test case 1037 : [1, 0, 1, 1, 1, 0, 0, 1, 1, 0]
Test case 1038 : [1, 0, 1, 1, 1, 0, 0, 1, 1, 1]
Test case 1039 : [1, 0, 1, 1, 1, 0, 1, 0, 0, 0]
Test case 1040 : [1, 0, 1, 1, 1, 0, 1, 0, 0, 1]
Test case 1041 : [1, 0, 1, 1, 1, 0, 1, 0, 1, 0]
Test case 1042 : [1, 0, 1, 1, 1, 0, 1, 0, 1, 1]
Test case 1043 : [1, 0, 1, 1, 1, 0, 1, 1, 0, 0]
Test case 1044 : [1, 0, 1, 1, 1, 0, 1, 1, 0, 1]
Test case 1045 : [1, 0, 1, 1, 1, 0, 1, 1, 1, 0]
Test case 1046 : [1, 0, 1, 1, 1, 0, 1, 1, 1, 1]
Test case 1047 : [1, 0, 1, 1, 1, 1, 0, 0, 0, 0]
Test case 1048 : [1, 0, 1, 1, 1, 1, 0, 0, 0, 1]
Test case 1049 : [1, 0, 1, 1, 1, 1, 0, 0, 1, 0]
Test case 1050 : [1, 0, 1, 1, 1, 1, 0, 0, 1, 1]
Test case 1051 : [1, 0, 1, 1, 1, 1, 0, 1, 0, 0]
Test case 1052 : [1, 0, 1, 1, 1, 1, 0, 1, 0, 1]
Test case 1053 : [1, 0, 1, 1, 1, 1, 0, 1, 1, 0]
Test case 1054 : [1, 0, 1, 1, 1, 1, 0, 1, 1, 1]
Test case 1055 : [1, 0, 1, 1, 1, 1, 1, 0, 0, 0]
Test case 1056 : [1, 0, 1, 1, 1, 1, 1, 0, 0, 1]
Test case 1057 : [1, 0, 1, 1, 1, 1, 1, 0, 1, 0]
Test case 1058 : [1, 0, 1, 1, 1, 1, 1, 0, 1, 1]
Test case 1059 : [1, 0, 1, 1, 1, 1, 1, 1, 0, 0]
Test case 1060 : [1, 0, 1, 1, 1, 1, 1, 1, 0, 1]
Test case 1061 : [1, 0, 1, 1, 1, 1, 1, 1, 1, 0]
Test case 1062 : [1, 0, 1, 1, 1, 1, 1, 1, 1, 1]
Test case 1063 : [1, 1, 0, 0, 0, 0, 0, 0, 0, 0]
Test case 1064 : [1, 1, 0, 0, 0, 0, 0, 0, 0, 1]
Test case 1065 : [1, 1, 0, 0, 0, 0, 0, 0, 1, 0]
Test case 1066 : [1, 1, 0, 0, 0, 0, 0, 0, 1, 1]
Test case 1067 : [1, 1, 0, 0, 0, 0, 0, 1, 0, 0]
Test case 1068 : [1, 1, 0, 0, 0, 0, 0, 1, 0, 1]
Test case 1069 : [1, 1, 0, 0, 0, 0, 0, 1, 1, 0]
Test case 1070 : [1, 1, 0, 0, 0, 0, 0, 1, 1, 1]
Test case 1071 : [1, 1, 0, 0, 0, 0, 1, 0, 0, 0]
Test case 1072 : [1, 1, 0, 0, 0, 0, 1, 0, 0, 1]
Test case 1073 : [1, 1, 0, 0, 0, 0, 1, 0, 1, 0]
Test case 1074 : [1, 1, 0, 0, 0, 0, 1, 0, 1, 1]
Test case 1075 : [1, 1, 0, 0, 0, 0, 1, 1, 0, 0]
Test case 1076 : [1, 1, 0, 0, 0, 0, 1, 1, 0, 1]
Test case 1077 : [1, 1, 0, 0, 0, 0, 1, 1, 1, 0]
Test case 1078 : [1, 1, 0, 0, 0, 0, 1, 1, 1, 1]
Test case 1079 : [1, 1, 0, 0, 0, 1, 0, 0, 0, 0]
Test case 1080 : [1, 1, 0, 0, 0, 1, 0, 0, 0, 1]
Test case 1081 : [1, 1, 0, 0, 0, 1, 0, 0, 1, 0]
Test case 1082 : [1, 1, 0, 0, 0, 1, 0, 0, 1, 1]
Test case 1083 : [1, 1, 0, 0, 0, 1, 0, 1, 0, 0]
Test case 1084 : [1, 1, 0, 0, 0, 1, 0, 1, 0, 1]
Test case 1085 : [1, 1, 0, 0, 0, 1, 0, 1, 1, 0]
Test case 1086 : [1, 1, 0, 0, 0, 1, 0, 1, 1, 1]
Test case 1087 : [1, 1, 0, 0, 0, 1, 1, 0, 0, 0]
Test case 1088 : [1, 1, 0, 0, 0, 1, 1, 0, 0, 1]
Test case 1089 : [1, 1, 0, 0, 0, 1, 1, 0, 1, 0]
Test case 1090 : [1, 1, 0, 0, 0, 1, 1, 0, 1, 1]
Test case 1091 : [1, 1, 0, 0, 0, 1, 1, 1, 0, 0]
Test case 1092 : [1, 1, 0, 0, 0, 1, 1, 1, 0, 1]
Test case 1093 : [1, 1, 0, 0, 0, 1, 1, 1, 1, 0]
Test case 1094 : [1, 1, 0, 0, 0, 1, 1, 1, 1, 1]
Test case 1095 : [1, 1, 0, 0, 1, 0, 0, 0, 0, 0]
Test case 1096 : [1, 1, 0, 0, 1, 0, 0, 0, 0, 1]
Test case 1097 : [1, 1, 0, 0, 1, 0, 0, 0, 1, 0]
Test case 1098 : [1, 1, 0, 0, 1, 0, 0, 0, 1, 1]
Test case 1099 : [1, 1, 0, 0, 1, 0, 0, 1, 0, 0]
Test case 1100 : [1, 1, 0, 0, 1, 0, 0, 1, 0, 1]
Test case 1101 : [1, 1, 0, 0, 1, 0, 0, 1, 1, 0]
Test case 1102 : [1, 1, 0, 0, 1, 0, 0, 1, 1, 1]
Test case 1103 : [1, 1, 0, 0, 1, 0, 1, 0, 0, 0]
Test case 1104 : [1, 1, 0, 0, 1, 0, 1, 0, 0, 1]
Test case 1105 : [1, 1, 0, 0, 1, 0, 1, 0, 1, 0]
Test case 1106 : [1, 1, 0, 0, 1, 0, 1, 0, 1, 1]
Test case 1107 : [1, 1, 0, 0, 1, 0, 1, 1, 0, 0]
Test case 1108 : [1, 1, 0, 0, 1, 0, 1, 1, 0, 1]
Test case 1109 : [1, 1, 0, 0, 1, 0, 1, 1, 1, 0]
Test case 1110 : [1, 1, 0, 0, 1, 0, 1, 1, 1, 1]
Test case 1111 : [1, 1, 0, 0, 1, 1, 0, 0, 0, 0]
Test case 1112 : [1, 1, 0, 0, 1, 1, 0, 0, 0, 1]
Test case 1113 : [1, 1, 0, 0, 1, 1, 0, 0, 1, 0]
Test case 1114 : [1, 1, 0, 0, 1, 1, 0, 0, 1, 1]
Test case 1115 : [1, 1, 0, 0, 1, 1, 0, 1, 0, 0]
Test case 1116 : [1, 1, 0, 0, 1, 1, 0, 1, 0, 1]
Test case 1117 : [1, 1, 0, 0, 1, 1, 0, 1, 1, 0]
Test case 1118 : [1, 1, 0, 0, 1, 1, 0, 1, 1, 1]
Test case 1119 : [1, 1, 0, 0, 1, 1, 1, 0, 0, 0]
Test case 1120 : [1, 1, 0, 0, 1, 1, 1, 0, 0, 1]
Test case 1121 : [1, 1, 0, 0, 1, 1, 1, 0, 1, 0]
Test case 1122 : [1, 1, 0, 0, 1, 1, 1, 0, 1, 1]
Test case 1123 : [1, 1, 0, 0, 1, 1, 1, 1, 0, 0]
Test case 1124 : [1, 1, 0, 0, 1, 1, 1, 1, 0, 1]
Test case 1125 : [1, 1, 0, 0, 1, 1, 1, 1, 1, 0]
Test case 1126 : [1, 1, 0, 0, 1, 1, 1, 1, 1, 1]
Test case 1127 : [1, 1, 0, 1, 0, 0, 0, 0, 0, 0]
Test case 1128 : [1, 1, 0, 1, 0, 0, 0, 0, 0, 1]
Test case 1129 : [1, 1, 0, 1, 0, 0, 0, 0, 1, 0]
Test case 1130 : [1, 1, 0, 1, 0, 0, 0, 0, 1, 1]
Test case 1131 : [1, 1, 0, 1, 0, 0, 0, 1, 0, 0]
Test case 1132 : [1, 1, 0, 1, 0, 0, 0, 1, 0, 1]
Test case 1133 : [1, 1, 0, 1, 0, 0, 0, 1, 1, 0]
Test case 1134 : [1, 1, 0, 1, 0, 0, 0, 1, 1, 1]
Test case 1135 : [1, 1, 0, 1, 0, 0, 1, 0, 0, 0]
Test case 1136 : [1, 1, 0, 1, 0, 0, 1, 0, 0, 1]
Test case 1137 : [1, 1, 0, 1, 0, 0, 1, 0, 1, 0]
Test case 1138 : [1, 1, 0, 1, 0, 0, 1, 0, 1, 1]
Test case 1139 : [1, 1, 0, 1, 0, 0, 1, 1, 0, 0]
Test case 1140 : [1, 1, 0, 1, 0, 0, 1, 1, 0, 1]
Test case 1141 : [1, 1, 0, 1, 0, 0, 1, 1, 1, 0]
Test case 1142 : [1, 1, 0, 1, 0, 0, 1, 1, 1, 1]
Test case 1143 : [1, 1, 0, 1, 0, 1, 0, 0, 0, 0]
Test case 1144 : [1, 1, 0, 1, 0, 1, 0, 0, 0, 1]
Test case 1145 : [1, 1, 0, 1, 0, 1, 0, 0, 1, 0]
Test case 1146 : [1, 1, 0, 1, 0, 1, 0, 0, 1, 1]
Test case 1147 : [1, 1, 0, 1, 0, 1, 0, 1, 0, 0]
Test case 1148 : [1, 1, 0, 1, 0, 1, 0, 1, 0, 1]
Test case 1149 : [1, 1, 0, 1, 0, 1, 0, 1, 1, 0]
Test case 1150 : [1, 1, 0, 1, 0, 1, 0, 1, 1, 1]
Test case 1151 : [1, 1, 0, 1, 0, 1, 1, 0, 0, 0]
Test case 1152 : [1, 1, 0, 1, 0, 1, 1, 0, 0, 1]
Test case 1153 : [1, 1, 0, 1, 0, 1, 1, 0, 1, 0]
Test case 1154 : [1, 1, 0, 1, 0, 1, 1, 0, 1, 1]
Test case 1155 : [1, 1, 0, 1, 0, 1, 1, 1, 0, 0]
Test case 1156 : [1, 1, 0, 1, 0, 1, 1, 1, 0, 1]
Test case 1157 : [1, 1, 0, 1, 0, 1, 1, 1, 1, 0]
Test case 1158 : [1, 1, 0, 1, 0, 1, 1, 1, 1, 1]
Test case 1159 : [1, 1, 0, 1, 1, 0, 0, 0, 0, 0]
Test case 1160 : [1, 1, 0, 1, 1, 0, 0, 0, 0, 1]
Test case 1161 : [1, 1, 0, 1, 1, 0, 0, 0, 1, 0]
Test case 1162 : [1, 1, 0, 1, 1, 0, 0, 0, 1, 1]
Test case 1163 : [1, 1, 0, 1, 1, 0, 0, 1, 0, 0]
Test case 1164 : [1, 1, 0, 1, 1, 0, 0, 1, 0, 1]
Test case 1165 : [1, 1, 0, 1, 1, 0, 0, 1, 1, 0]
Test case 1166 : [1, 1, 0, 1, 1, 0, 0, 1, 1, 1]
Test case 1167 : [1, 1, 0, 1, 1, 0, 1, 0, 0, 0]
Test case 1168 : [1, 1, 0, 1, 1, 0, 1, 0, 0, 1]
Test case 1169 : [1, 1, 0, 1, 1, 0, 1, 0, 1, 0]
Test case 1170 : [1, 1, 0, 1, 1, 0, 1, 0, 1, 1]
Test case 1171 : [1, 1, 0, 1, 1, 0, 1, 1, 0, 0]
Test case 1172 : [1, 1, 0, 1, 1, 0, 1, 1, 0, 1]
Test case 1173 : [1, 1, 0, 1, 1, 0, 1, 1, 1, 0]
Test case 1174 : [1, 1, 0, 1, 1, 0, 1, 1, 1, 1]
Test case 1175 : [1, 1, 0, 1, 1, 1, 0, 0, 0, 0]
Test case 1176 : [1, 1, 0, 1, 1, 1, 0, 0, 0, 1]
Test case 1177 : [1, 1, 0, 1, 1, 1, 0, 0, 1, 0]
Test case 1178 : [1, 1, 0, 1, 1, 1, 0, 0, 1, 1]
Test case 1179 : [1, 1, 0, 1, 1, 1, 0, 1, 0, 0]
Test case 1180 : [1, 1, 0, 1, 1, 1, 0, 1, 0, 1]
Test case 1181 : [1, 1, 0, 1, 1, 1, 0, 1, 1, 0]
Test case 1182 : [1, 1, 0, 1, 1, 1, 0, 1, 1, 1]
Test case 1183 : [1, 1, 0, 1, 1, 1, 1, 0, 0, 0]
Test case 1184 : [1, 1, 0, 1, 1, 1, 1, 0, 0, 1]
Test case 1185 : [1, 1, 0, 1, 1, 1, 1, 0, 1, 0]
Test case 1186 : [1, 1, 0, 1, 1, 1, 1, 0, 1, 1]
Test case 1187 : [1, 1, 0, 1, 1, 1, 1, 1, 0, 0]
Test case 1188 : [1, 1, 0, 1, 1, 1, 1, 1, 0, 1]
Test case 1189 : [1, 1, 0, 1, 1, 1, 1, 1, 1, 0]
Test case 1190 : [1, 1, 0, 1, 1, 1, 1, 1, 1, 1]
Test case 1191 : [1, 1, 1, 0, 0, 0, 0, 0, 0, 0]
Test case 1192 : [1, 1, 1, 0, 0, 0, 0, 0, 0, 1]
Test case 1193 : [1, 1, 1, 0, 0, 0, 0, 0, 1, 0]
Test case 1194 : [1, 1, 1, 0, 0, 0, 0, 0, 1, 1]
Test case 1195 : [1, 1, 1, 0, 0, 0, 0, 1, 0, 0]
Test case 1196 : [1, 1, 1, 0, 0, 0, 0, 1, 0, 1]
Test case 1197 : [1, 1, 1, 0, 0, 0, 0, 1, 1, 0]
Test case 1198 : [1, 1, 1, 0, 0, 0, 0, 1, 1, 1]
Test case 1199 : [1, 1, 1, 0, 0, 0, 1, 0, 0, 0]
Test case 1200 : [1, 1, 1, 0, 0, 0, 1, 0, 0, 1]
Test case 1201 : [1, 1, 1, 0, 0, 0, 1, 0, 1, 0]
Test case 1202 : [1, 1, 1, 0, 0, 0, 1, 0, 1, 1]
Test case 1203 : [1, 1, 1, 0, 0, 0, 1, 1, 0, 0]
Test case 1204 : [1, 1, 1, 0, 0, 0, 1, 1, 0, 1]
Test case 1205 : [1, 1, 1, 0, 0, 0, 1, 1, 1, 0]
Test case 1206 : [1, 1, 1, 0, 0, 0, 1, 1, 1, 1]
Test case 1207 : [1, 1, 1, 0, 0, 1, 0, 0, 0, 0]
Test case 1208 : [1, 1, 1, 0, 0, 1, 0, 0, 0, 1]
Test case 1209 : [1, 1, 1, 0, 0, 1, 0, 0, 1, 0]
Test case 1210 : [1, 1, 1, 0, 0, 1, 0, 0, 1, 1]
Test case 1211 : [1, 1, 1, 0, 0, 1, 0, 1, 0, 0]
Test case 1212 : [1, 1, 1, 0, 0, 1, 0, 1, 0, 1]
Test case 1213 : [1, 1, 1, 0, 0, 1, 0, 1, 1, 0]
Test case 1214 : [1, 1, 1, 0, 0, 1, 0, 1, 1, 1]
Test case 1215 : [1, 1, 1, 0, 0, 1, 1, 0, 0, 0]
Test case 1216 : [1, 1, 1, 0, 0, 1, 1, 0, 0, 1]
Test case 1217 : [1, 1, 1, 0, 0, 1, 1, 0, 1, 0]
Test case 1218 : [1, 1, 1, 0, 0, 1, 1, 0, 1, 1]
Test case 1219 : [1, 1, 1, 0, 0, 1, 1, 1, 0, 0]
Test case 1220 : [1, 1, 1, 0, 0, 1, 1, 1, 0, 1]
Test case 1221 : [1, 1, 1, 0, 0, 1, 1, 1, 1, 0]
Test case 1222 : [1, 1, 1, 0, 0, 1, 1, 1, 1, 1]
Test case 1223 : [1, 1, 1, 0, 1, 0, 0, 0, 0, 0]
Test case 1224 : [1, 1, 1, 0, 1, 0, 0, 0, 0, 1]
Test case 1225 : [1, 1, 1, 0, 1, 0, 0, 0, 1, 0]
Test case 1226 : [1, 1, 1, 0, 1, 0, 0, 0, 1, 1]
Test case 1227 : [1, 1, 1, 0, 1, 0, 0, 1, 0, 0]
Test case 1228 : [1, 1, 1, 0, 1, 0, 0, 1, 0, 1]
Test case 1229 : [1, 1, 1, 0, 1, 0, 0, 1, 1, 0]
Test case 1230 : [1, 1, 1, 0, 1, 0, 0, 1, 1, 1]
Test case 1231 : [1, 1, 1, 0, 1, 0, 1, 0, 0, 0]
Test case 1232 : [1, 1, 1, 0, 1, 0, 1, 0, 0, 1]
Test case 1233 : [1, 1, 1, 0, 1, 0, 1, 0, 1, 0]
Test case 1234 : [1, 1, 1, 0, 1, 0, 1, 0, 1, 1]
Test case 1235 : [1, 1, 1, 0, 1, 0, 1, 1, 0, 0]
Test case 1236 : [1, 1, 1, 0, 1, 0, 1, 1, 0, 1]
Test case 1237 : [1, 1, 1, 0, 1, 0, 1, 1, 1, 0]
Test case 1238 : [1, 1, 1, 0, 1, 0, 1, 1, 1, 1]
Test case 1239 : [1, 1, 1, 0, 1, 1, 0, 0, 0, 0]
Test case 1240 : [1, 1, 1, 0, 1, 1, 0, 0, 0, 1]
Test case 1241 : [1, 1, 1, 0, 1, 1, 0, 0, 1, 0]
Test case 1242 : [1, 1, 1, 0, 1, 1, 0, 0, 1, 1]
Test case 1243 : [1, 1, 1, 0, 1, 1, 0, 1, 0, 0]
Test case 1244 : [1, 1, 1, 0, 1, 1, 0, 1, 0, 1]
Test case 1245 : [1, 1, 1, 0, 1, 1, 0, 1, 1, 0]
Test case 1246 : [1, 1, 1, 0, 1, 1, 0, 1, 1, 1]
Test case 1247 : [1, 1, 1, 0, 1, 1, 1, 0, 0, 0]
Test case 1248 : [1, 1, 1, 0, 1, 1, 1, 0, 0, 1]
Test case 1249 : [1, 1, 1, 0, 1, 1, 1, 0, 1, 0]
Test case 1250 : [1, 1, 1, 0, 1, 1, 1, 0, 1, 1]
Test case 1251 : [1, 1, 1, 0, 1, 1, 1, 1, 0, 0]
Test case 1252 : [1, 1, 1, 0, 1, 1, 1, 1, 0, 1]
Test case 1253 : [1, 1, 1, 0, 1, 1, 1, 1, 1, 0]
Test case 1254 : [1, 1, 1, 0, 1, 1, 1, 1, 1, 1]
Test case 1255 : [1, 1, 1, 1, 0, 0, 0, 0, 0, 0]
Test case 1256 : [1, 1, 1, 1, 0, 0, 0, 0, 0, 1]
Test case 1257 : [1, 1, 1, 1, 0, 0, 0, 0, 1, 0]
Test case 1258 : [1, 1, 1, 1, 0, 0, 0, 0, 1, 1]
Test case 1259 : [1, 1, 1, 1, 0, 0, 0, 1, 0, 0]
Test case 1260 : [1, 1, 1, 1, 0, 0, 0, 1, 0, 1]
Test case 1261 : [1, 1, 1, 1, 0, 0, 0, 1, 1, 0]
Test case 1262 : [1, 1, 1, 1, 0, 0, 0, 1, 1, 1]
Test case 1263 : [1, 1, 1, 1, 0, 0, 1, 0, 0, 0]
Test case 1264 : [1, 1, 1, 1, 0, 0, 1, 0, 0, 1]
Test case 1265 : [1, 1, 1, 1, 0, 0, 1, 0, 1, 0]
Test case 1266 : [1, 1, 1, 1, 0, 0, 1, 0, 1, 1]
Test case 1267 : [1, 1, 1, 1, 0, 0, 1, 1, 0, 0]
Test case 1268 : [1, 1, 1, 1, 0, 0, 1, 1, 0, 1]
Test case 1269 : [1, 1, 1, 1, 0, 0, 1, 1, 1, 0]
Test case 1270 : [1, 1, 1, 1, 0, 0, 1, 1, 1, 1]
Test case 1271 : [1, 1, 1, 1, 0, 1, 0, 0, 0, 0]
Test case 1272 : [1, 1, 1, 1, 0, 1, 0, 0, 0, 1]
Test case 1273 : [1, 1, 1, 1, 0, 1, 0, 0, 1, 0]
Test case 1274 : [1, 1, 1, 1, 0, 1, 0, 0, 1, 1]
Test case 1275 : [1, 1, 1, 1, 0, 1, 0, 1, 0, 0]
Test case 1276 : [1, 1, 1, 1, 0, 1, 0, 1, 0, 1]
Test case 1277 : [1, 1, 1, 1, 0, 1, 0, 1, 1, 0]
Test case 1278 : [1, 1, 1, 1, 0, 1, 0, 1, 1, 1]
Test case 1279 : [1, 1, 1, 1, 0, 1, 1, 0, 0, 0]
Test case 1280 : [1, 1, 1, 1, 0, 1, 1, 0, 0, 1]
Test case 1281 : [1, 1, 1, 1, 0, 1, 1, 0, 1, 0]
Test case 1282 : [1, 1, 1, 1, 0, 1, 1, 0, 1, 1]
Test case 1283 : [1, 1, 1, 1, 0, 1, 1, 1, 0, 0]
Test case 1284 : [1, 1, 1, 1, 0, 1, 1, 1, 0, 1]
Test case 1285 : [1, 1, 1, 1, 0, 1, 1, 1, 1, 0]
Test case 1286 : [1, 1, 1, 1, 0, 1, 1, 1, 1, 1]
Test case 1287 : [1, 1, 1, 1, 1, 0, 0, 0, 0, 0]
Test case 1288 : [1, 1, 1, 1, 1, 0, 0, 0, 0, 1]
Test case 1289 : [1, 1, 1, 1, 1, 0, 0, 0, 1, 0]
Test case 1290 : [1, 1, 1, 1, 1, 0, 0, 0, 1, 1]
Test case 1291 : [1, 1, 1, 1, 1, 0, 0, 1, 0, 0]
Test case 1292 : [1, 1, 1, 1, 1, 0, 0, 1, 0, 1]
Test case 1293 : [1, 1, 1, 1, 1, 0, 0, 1, 1, 0]
Test case 1294 : [1, 1, 1, 1, 1, 0, 0, 1, 1, 1]
Test case 1295 : [1, 1, 1, 1, 1, 0, 1, 0, 0, 0]
Test case 1296 : [1, 1, 1, 1, 1, 0, 1, 0, 0, 1]
Test case 1297 : [1, 1, 1, 1, 1, 0, 1, 0, 1, 0]
Test case 1298 : [1, 1, 1, 1, 1, 0, 1, 0, 1, 1]
Test case 1299 : [1, 1, 1, 1, 1, 0, 1, 1, 0, 0]
Test case 1300 : [1, 1, 1, 1, 1, 0, 1, 1, 0, 1]
Test case 1301 : [1, 1, 1, 1, 1, 0, 1, 1, 1, 0]
Test case 1302 : [1, 1, 1, 1, 1, 0, 1, 1, 1, 1]
Test case 1303 : [1, 1, 1, 1, 1, 1, 0, 0, 0, 0]
Test case 1304 : [1, 1, 1, 1, 1, 1, 0, 0, 0, 1]
Test case 1305 : [1, 1, 1, 1, 1, 1, 0, 0, 1, 0]
Test case 1306 : [1, 1, 1, 1, 1, 1, 0, 0, 1, 1]
Test case 1307 : [1, 1, 1, 1, 1, 1, 0, 1, 0, 0]
Test case 1308 : [1, 1, 1, 1, 1, 1, 0, 1, 0, 1]
Test case 1309 : [1, 1, 1, 1, 1, 1, 0, 1, 1, 0]
Test case 1310 : [1, 1, 1, 1, 1, 1, 0, 1, 1, 1]
Test case 1311 : [1, 1, 1, 1, 1, 1, 1, 0, 0, 0]
Test case 1312 : [1, 1, 1, 1, 1, 1, 1, 0, 0, 1]
Test case 1313 : [1, 1, 1, 1, 1, 1, 1, 0, 1, 0]
Test case 1314 : [1, 1, 1, 1, 1, 1, 1, 0, 1, 1]
Test case 1315 : [1, 1, 1, 1, 1, 1, 1, 1, 0, 0]
Test case 1316 : [1, 1, 1, 1, 1, 1, 1, 1, 0, 1]
Test case 1317 : [1, 1, 1, 1, 1, 1, 1, 1, 1, 0]
Test case 1318 : [1, 1, 1, 1, 1, 1, 1, 1, 1, 1]
