Test case 1 : [0]
Test case 2 : [1]
Test case 3 : [0, 0]
Test case 4 : [0, 1]
Test case 5 : [1, 0]
Test case 6 : [1, 1]
Test case 7 : [0, 0, 0, 0, 0, 0, 0, 0, 0, 0]
Test case 8 : [0, 0, 0, 0, 0, 0, 0, 0, 0, 1]
Test case 9 : [0, 0, 0, 0, 0, 0, 0, 0, 1, 0]
Test case 10 : [0, 0, 0, 0, 0, 0, 0, 0, 1, 1]
Test case 11 : [0, 0, 0, 0, 0, 0, 0, 1, 0, 0]
Test case 12 : [0, 0, 0, 0, 0, 0, 0, 1, 0, 1]
Test case 13 : [0, 0, 0, 0, 0, 0, 0, 1, 1, 0]
Test case 14 : [0, 0, 0, 0, 0, 0, 0, 1, 1, 1]
Test case 15 : [0, 0, 0, 0, 0, 0, 1, 0, 0, 0]
Test case 16 : [0, 0, 0, 0, 0, 0, 1, 0, 0, 1]
Test case 17 : [0, 0, 0, 0, 0, 0, 1, 0, 1, 0]
Test case 18 : [0, 0, 0, 0, 0, 0, 1, 0, 1, 1]
Test case 19 : [0, 0, 0, 0, 0, 0, 1, 1, 0, 0]
Test case 20 : [0, 0, 0, 0, 0, 0, 1, 1, 0, 1]
Test case 21 : [0, 0, 0, 0, 0, 0, 1, 1, 1, 0]
Test case 22 : [0, 0, 0, 0, 0, 0, 1, 1, 1, 1]
Test case 23 : [0, 0, 0, 0, 0, 1, 0, 0, 0, 0]
Test case 24 : [0, 0, 0, 0, 0, 1, 0, 0, 0, 1]
Test case 25 : [0, 0, 0, 0, 0, 1, 0, 0, 1, 0]
Test case 26 : [0, 0, 0, 0, 0, 1, 0, 0, 1, 1]
Test case 27 : [0, 0, 0, 0, 0, 1, 0, 1, 0, 0]
Test case 28 : [0, 0, 0, 0, 0, 1, 0, 1, 0, 1]
Test case 29 : [0, 0, 0, 0, 0, 1, 0, 1, 1, 0]
Test case 30 : [0, 0, 0, 0, 0, 1, 0, 1, 1, 1]
Test case 31 : [0, 0, 0, 0, 0, 1, 1, 0, 0, 0]
Test case 32 : [0, 0, 0, 0, 0, 1, 1, 0, 0, 1]
Test case 33 : [0, 0, 0, 0, 0, 1, 1, 0, 1, 0]
Test case 34 : [0, 0, 0, 0, 0, 1, 1, 0, 1, 1]
Test case 35 : [0, 0, 0, 0, 0, 1, 1, 1, 0, 0]
Test case 36 : [0, 0, 0, 0, 0, 1, 1, 1, 0, 1]
Test case 37 : [0, 0, 0, 0, 0, 1, 1, 1, 1, 0]
Test case 38 : [0, 0, 0, 0, 0, 1, 1, 1, 1, 1]
Test case 39 : [0, 0, 0, 0, 1, 0, 0, 0, 0, 0]
Test case 40 : [0, 0, 0, 0, 1, 0, 0, 0, 0, 1]
Test case 41 : [0, 0, 0, 0, 1, 0, 0, 0, 1, 0]
Test case 42 : [0, 0, 0, 0, 1, 0, 0, 0, 1, 1]
Test case 43 : [0, 0, 0, 0, 1, 0, 0, 1, 0, 0]
Test case 44 : [0, 0, 0, 0, 1, 0, 0, 1, 0, 1]
Test case 45 : [0, 0, 0, 0, 1, 0, 0, 1, 1, 0]
Test case 46 : [0, 0, 0, 0, 1, 0, 0, 1, 1, 1]
Test case 47 : [0, 0, 0, 0, 1, 0, 1, 0, 0, 0]
Test case 48 : [0, 0, 0, 0, 1, 0, 1, 0, 0, 1]
Test case 49 : [0, 0, 0, 0, 1, 0, 1, 0, 1, 0]
Test case 50 : [0, 0, 0, 0, 1, 0, 1, 0, 1, 1]
Test case 51 : [0, 0, 0, 0, 1, 0, 1, 1, 0, 0]
Test case 52 : [0, 0, 0, 0, 1, 0, 1, 1, 0, 1]
Test case 53 : [0, 0, 0, 0, 1, 0, 1, 1, 1, 0]
Test case 54 : [0, 0, 0, 0, 1, 0, 1, 1, 1, 1]
Test case 55 : [0, 0, 0, 0, 1, 1, 0, 0, 0, 0]
Test case 56 : [0, 0, 0, 0, 1, 1, 0, 0, 0, 1]
Test case 57 : [0, 0, 0, 0, 1, 1, 0, 0, 1, 0]
Test case 58 : [0, 0, 0, 0, 1, 1, 0, 0, 1, 1]
Test case 59 : [0, 0, 0, 0, 1, 1, 0, 1, 0, 0]
Test case 60 : [0, 0, 0, 0, 1, 1, 0, 1, 0, 1]
Test case 61 : [0, 0, 0, 0, 1, 1, 0, 1, 1, 0]
Test case 62 : [0, 0, 0, 0, 1, 1, 0, 1, 1, 1]
Test case 63 : [0, 0, 0, 0, 1, 1, 1, 0, 0, 0]
Test case 64 : [0, 0, 0, 0, 1, 1, 1, 0, 0, 1]
Test case 65 : [0, 0, 0, 0, 1, 1, 1, 0, 1, 0]
Test case 66 : [0, 0, 0, 0, 1, 1, 1, 0, 1, 1]
Test case 67 : [0, 0, 0, 0, 1, 1, 1, 1, 0, 0]
Test case 68 : [0, 0, 0, 0, 1, 1, 1, 1, 0, 1]
Test case 69 : [0, 0, 0, 0, 1, 1, 1, 1, 1, 0]
Test case 70 : [0, 0, 0, 0, 1, 1, 1, 1, 1, 1]
Test case 71 : [0, 0, 0, 1, 0, 0, 0, 0, 0, 0]
Test case 72 : [0, 0, 0, 1, 0, 0, 0, 0, 0, 1]
Test case 73 : [0, 0, 0, 1, 0, 0, 0, 0, 1, 0]
Test case 74 : [0, 0, 0, 1, 0, 0, 0, 0, 1, 1]
Test case 75 : [0, 0, 0, 1, 0, 0, 0, 1, 0, 0]
Test case 76 : [0, 0, 0, 1, 0, 0, 0, 1, 0, 1]
Test case 77 : [0, 0, 0, 1, 0, 0, 0, 1, 1, 0]
Test case 78 : [0, 0, 0, 1, 0, 0, 0, 1, 1, 1]
Test case 79 : [0, 0, 0, 1, 0, 0, 1, 0, 0, 0]
Test case 80 : [0, 0, 0, 1, 0, 0, 1, 0, 0, 1]
Test case 81 : [0, 0, 0, 1, 0, 0, 1, 0, 1, 0]
Test case 82 : [0, 0, 0, 1, 0, 0, 1, 0, 1, 1]
Test case 83 : [0, 0, 0, 1, 0, 0, 1, 1, 0, 0]
Test case 84 : [0, 0, 0, 1, 0, 0, 1, 1, 0, 1]
Test case 85 : [0, 0, 0, 1, 0, 0, 1, 1, 1, 0]
Test case 86 : [0, 0, 0, 1, 0, 0, 1, 1, 1, 1]
Test case 87 : [0, 0, 0, 1, 0, 1, 0, 0, 0, 0]
Test case 88 : [0, 0, 0, 1, 0, 1, 0, 0, 0, 1]
Test case 89 : [0, 0, 0, 1, 0, 1, 0, 0, 1, 0]
Test case 90 : [0, 0, 0, 1, 0, 1, 0, 0, 1, 1]
Test case 91 : [0, 0, 0, 1, 0, 1, 0, 1, 0, 0]
Test case 92 : [0, 0, 0, 1, 0, 1, 0, 1, 0, 1]
Test case 93 : [0, 0, 0, 1, 0, 1, 0, 1, 1, 0]
Test case 94 : [0, 0, 0, 1, 0, 1, 0, 1, 1, 1]
Test case 95 : [0, 0, 0, 1, 0, 1, 1, 0, 0, 0]
Test case 96 : [0, 0, 0, 1, 0, 1, 1, 0, 0, 1]
Test case 97 : [0, 0, 0, 1, 0, 1, 1, 0, 1, 0]
Test case 98 : [0, 0, 0, 1, 0, 1, 1, 0, 1, 1]
Test case 99 : [0, 0, 0, 1, 0, 1, 1, 1, 0, 0]
Test case 100 : [0, 0, 0, 1, 0, 1, 1, 1, 0, 1]
Test case 101 : [0, 0, 0, 1, 0, 1, 1, 1, 1, 0]
Test case 102 : [0, 0, 0, 1, 0, 1, 1, 1, 1, 1]
Test case 103 : [0, 0, 0, 1, 1, 0, 0, 0, 0, 0]
Test case 104 : [0, 0, 0, 1, 1, 0, 0, 0, 0, 1]
Test case 105 : [0, 0, 0, 1, 1, 0, 0, 0, 1, 0]
Test case 106 : [0, 0, 0, 1, 1, 0, 0, 0, 1, 1]
Test case 107 : [0, 0, 0, 1, 1, 0, 0, 1, 0, 0]
Test case 108 : [0, 0, 0, 1, 1, 0, 0, 1, 0, 1]
Test case 109 : [0, 0, 0, 1, 1, 0, 0, 1, 1, 0]
Test case 110 : [0, 0, 0, 1, 1, 0, 0, 1, 1, 1]
Test case 111 : [0, 0, 0, 1, 1, 0, 1, 0, 0, 0]
Test case 112 : [0, 0, 0, 1, 1, 0, 1, 0, 0, 1]
Test case 113 : [0, 0, 0, 1, 1, 0, 1, 0, 1, 0]
Test case 114 : [0, 0, 0, 1, 1, 0, 1, 0, 1, 1]
Test case 115 : [0, 0, 0, 1, 1, 0, 1, 1, 0, 0]
Test case 116 : [0, 0, 0, 1, 1, 0, 1, 1, 0, 1]
Test case 117 : [0, 0, 0, 1, 1, 0, 1, 1, 1, 0]
Test case 118 : [0, 0, 0, 1, 1, 0, 1, 1, 1, 1]
Test case 119 : [0, 0, 0, 1, 1, 1, 0, 0, 0, 0]
Test case 120 : [0, 0, 0, 1, 1, 1, 0, 0, 0, 1]
Test case 121 : [0, 0, 0, 1, 1, 1, 0, 0, 1, 0]
Test case 122 : [0, 0, 0, 1, 1, 1, 0, 0, 1, 1]
Test case 123 : [0, 0, 0, 1, 1, 1, 0, 1, 0, 0]
Test case 124 : [0, 0, 0, 1, 1, 1, 0, 1, 0, 1]
Test case 125 : [0, 0, 0, 1, 1, 1, 0, 1, 1, 0]
Test case 126 : [0, 0, 0, 1, 1, 1, 0, 1, 1, 1]
Test case 127 : [0, 0, 0, 1, 1, 1, 1, 0, 0, 0]
Test case 128 : [0, 0, 0, 1, 1, 1, 1, 0, 0, 1]
Test case 129 : [0, 0, 0, 1, 1, 1, 1, 0, 1, 0]
Test case 130 : [0, 0, 0, 1, 1, 1, 1, 0, 1, 1]
Test case 131 : [0, 0, 0, 1, 1, 1, 1, 1, 0, 0]
Test case 132 : [0, 0, 0, 1, 1, 1, 1, 1, 0, 1]
Test case 133 : [0, 0, 0, 1, 1, 1, 1, 1, 1, 0]
Test case 134 : [0, 0, 0, 1, 1, 1, 1, 1, 1, 1]
Test case 135 : [0, 0, 1, 0, 0, 0, 0, 0, 0, 0]
Test case 136 : [0, 0, 1, 0, 0, 0, 0, 0, 0, 1]
Test case 137 : [0, 0, 1, 0, 0, 0, 0, 0, 1, 0]
Test case 138 : [0, 0, 1, 0, 0, 0, 0, 0, 1, 1]
Test case 139 : [0, 0, 1, 0, 0, 0, 0, 1, 0, 0]
Test case 140 : [0, 0, 1, 0, 0, 0, 0, 1, 0, 1]
Test case 141 : [0, 0, 1, 0, 0, 0, 0, 1, 1, 0]
Test case 142 : [0, 0, 1, 0, 0, 0, 0, 1, 1, 1]
Test case 143 : [0, 0, 1, 0, 0, 0, 1, 0, 0, 0]
Test case 144 : [0, 0, 1, 0, 0, 0, 1, 0, 0, 1]
Test case 145 : [0, 0, 1, 0, 0, 0, 1, 0, 1, 0]
Test case 146 : [0, 0, 1, 0, 0, 0, 1, 0, 1, 1]
Test case 147 : [0, 0, 1, 0, 0, 0, 1, 1, 0, 0]
Test case 148 : [0, 0, 1, 0, 0, 0, 1, 1, 0, 1]
Test case 149 : [0, 0, 1, 0, 0, 0, 1, 1, 1, 0]
Test case 150 : [0, 0, 1, 0, 0, 0, 1, 1, 1, 1]
Test case 151 : [0, 0, 1, 0, 0, 1, 0, 0, 0, 0]
Test case 152 : [0, 0, 1, 0, 0, 1, 0, 0, 0, 1]
Test case 153 : [0, 0, 1, 0, 0, 1, 0, 0, 1, 0]
Test case 154 : [0, 0, 1, 0, 0, 1, 0, 0, 1, 1]
Test case 155 : [0, 0, 1, 0, 0, 1, 0, 1, 0, 0]
Test case 156 : [0, 0, 1, 0, 0, 1, 0, 1, 0, 1]
Test case 157 : [0, 0, 1, 0, 0, 1, 0, 1, 1, 0]
Test case 158 : [0, 0, 1, 0, 0, 1, 0, 1, 1, 1]
Test case 159 : [0, 0, 1, 0, 0, 1, 1, 0, 0, 0]
Test case 160 : [0, 0, 1, 0, 0, 1, 1, 0, 0, 1]
Test case 161 : [0, 0, 1, 0, 0, 1, 1, 0, 1, 0]
Test case 162 : [0, 0, 1, 0, 0, 1, 1, 0, 1, 1]
Test case 163 : [0, 0, 1, 0, 0, 1, 1, 1, 0, 0]
Test case 164 : [0, 0, 1, 0, 0, 1, 1, 1, 0, 1]
Test case 165 : [0, 0, 1, 0, 0, 1, 1, 1, 1, 0]
Test case 166 : [0, 0, 1, 0, 0, 1, 1, 1, 1, 1]
Test case 167 : [0, 0, 1, 0, 1, 0, 0, 0, 0, 0]
Test case 168 : [0, 0, 1, 0, 1, 0, 0, 0, 0, 1]
Test case 169 : [0, 0, 1, 0, 1, 0, 0, 0, 1, 0]
Test case 170 : [0, 0, 1, 0, 1, 0, 0, 0, 1, 1]
Test case 171 : [0, 0, 1, 0, 1, 0, 0, 1, 0, 0]
Test case 172 : [0, 0, 1, 0, 1, 0, 0, 1, 0, 1]
Test case 173 : [0, 0, 1, 0, 1, 0, 0, 1, 1, 0]
Test case 174 : [0, 0, 1, 0, 1, 0, 0, 1, 1, 1]
Test case 175 : [0, 0, 1, 0, 1, 0, 1, 0, 0, 0]
Test case 176 : [0, 0, 1, 0, 1, 0, 1, 0, 0, 1]
Test case 177 : [0, 0, 1, 0, 1, 0, 1, 0, 1, 0]
Test case 178 : [0, 0, 1, 0, 1, 0, 1, 0, 1, 1]
Test case 179 : [0, 0, 1, 0, 1, 0, 1, 1, 0, 0]
Test case 180 : [0, 0, 1, 0, 1, 0, 1, 1, 0, 1]
Test case 181 : [0, 0, 1, 0, 1, 0, 1, 1, 1, 0]
Test case 182 : [0, 0, 1, 0, 1, 0, 1, 1, 1, 1]
Test case 183 : [0, 0, 1, 0, 1, 1, 0, 0, 0, 0]
Test case 184 : [0, 0, 1, 0, 1, 1, 0, 0, 0, 1]
Test case 185 : [0, 0, 1, 0, 1, 1, 0, 0, 1, 0]
Test case 186 : [0, 0, 1, 0, 1, 1, 0, 0, 1, 1]
Test case 187 : [0, 0, 1, 0, 1, 1, 0, 1, 0, 0]
Test case 188 : [0, 0, 1, 0, 1, 1, 0, 1, 0, 1]
Test case 189 : [0, 0, 1, 0, 1, 1, 0, 1, 1, 0]
Test case 190 : [0, 0, 1, 0, 1, 1, 0, 1, 1, 1]
Test case 191 : [0, 0, 1, 0, 1, 1, 1, 0, 0, 0]
Test case 192 : [0, 0, 1, 0, 1, 1, 1, 0, 0, 1]
Test case 193 : [0, 0, 1, 0, 1, 1, 1, 0, 1, 0]
Test case 194 : [0, 0, 1, 0, 1, 1, 1, 0, 1, 1]
Test case 195 : [0, 0, 1, 0, 1, 1, 1, 1, 0, 0]
Test case 196 : [0, 0, 1, 0, 1, 1, 1, 1, 0, 1]
Test case 197 : [0, 0, 1, 0, 1, 1, 1, 1, 1, 0]
Test case 198 : [0, 0, 1, 0, 1, 1, 1, 1, 1, 1]
Test case 199 : [0, 0, 1, 1, 0, 0, 0, 0, 0, 0]
Test case 200 : [0, 0, 1, 1, 0, 0, 0, 0, 0, 1]
Test case 201 : [0, 0, 1, 1, 0, 0, 0, 0, 1, 0]
Test case 202 : [0, 0, 1, 1, 0, 0, 0, 0, 1, 1]
Test case 203 : [0, 0, 1, 1, 0, 0, 0, 1, 0, 0]
Test case 204 : [0, 0, 1, 1, 0, 0, 0, 1, 0, 1]
Test case 205 : [0, 0, 1, 1, 0, 0, 0, 1, 1, 0]
Test case 206 : [0, 0, 1, 1, 0, 0, 0, 1, 1, 1]
Test case 207 : [0, 0, 1, 1, 0, 0, 1, 0, 0, 0]
Test case 208 : [0, 0, 1, 1, 0, 0, 1, 0, 0, 1]
Test case 209 : [0, 0, 1, 1, 0, 0, 1, 0, 1, 0]
Test case 210 : [0, 0, 1, 1, 0, 0, 1, 0, 1, 1]
Test case 211 : [0, 0, 1, 1, 0, 0, 1, 1, 0, 0]
Test case 212 : [0, 0, 1, 1, 0, 0, 1, 1, 0, 1]
Test case 213 : [0, 0, 1, 1, 0, 0, 1, 1, 1, 0]
Test case 214 : [0, 0, 1, 1, 0, 0, 1, 1, 1, 1]
Test case 215 : [0, 0, 1, 1, 0, 1, 0, 0, 0, 0]
Test case 216 : [0, 0, 1, 1, 0, 1, 0, 0, 0, 1]
Test case 217 : [0, 0, 1, 1, 0, 1, 0, 0, 1, 0]
Test case 218 : [0, 0, 1, 1, 0, 1, 0, 0, 1, 1]
Test case 219 : [0, 0, 1, 1, 0, 1, 0, 1, 0, 0]
Test case 220 : [0, 0, 1, 1, 0, 1, 0, 1, 0, 1]
Test case 221 : [0, 0, 1, 1, 0, 1, 0, 1, 1, 0]
Test case 222 : [0, 0, 1, 1, 0, 1, 0, 1, 1, 1]
Test case 223 : [0, 0, 1, 1, 0, 1, 1, 0, 0, 0]
Test case 224 : [0, 0, 1, 1, 0, 1, 1, 0, 0, 1]
Test case 225 : [0, 0, 1, 1, 0, 1, 1, 0, 1, 0]
Test case 226 : [0, 0, 1, 1, 0, 1, 1, 0, 1, 1]
Test case 227 : [0, 0, 1, 1, 0, 1, 1, 1, 0, 0]
Test case 228 : [0, 0, 1, 1, 0, 1, 1, 1, 0, 1]
Test case 229 : [0, 0, 1, 1, 0, 1, 1, 1, 1, 0]
Test case 230 : [0, 0, 1, 1, 0, 1, 1, 1, 1, 1]
Test case 231 : [0, 0, 1, 1, 1, 0, 0, 0, 0, 0]
Test case 232 : [0, 0, 1, 1, 1, 0, 0, 0, 0, 1]
Test case 233 : [0, 0, 1, 1, 1, 0, 0, 0, 1, 0]
Test case 234 : [0, 0, 1, 1, 1, 0, 0, 0, 1, 1]
Test case 235 : [0, 0, 1, 1, 1, 0, 0, 1, 0, 0]
Test case 236 : [0, 0, 1, 1, 1, 0, 0, 1, 0, 1]
Test case 237 : [0, 0, 1, 1, 1, 0, 0, 1, 1, 0]
Test case 238 : [0, 0, 1, 1, 1, 0, 0, 1, 1, 1]
Test case 239 : [0, 0, 1, 1, 1, 0, 1, 0, 0, 0]
Test case 240 : [0, 0, 1, 1, 1, 0, 1, 0, 0, 1]
Test case 241 : [0, 0, 1, 1, 1, 0, 1, 0, 1, 0]
Test case 242 : [0, 0, 1, 1, 1, 0, 1, 0, 1, 1]
Test case 243 : [0, 0, 1, 1, 1, 0, 1, 1, 0, 0]
Test case 244 : [0, 0, 1, 1, 1, 0, 1, 1, 0, 1]
Test case 245 : [0, 0, 1, 1, 1, 0, 1, 1, 1, 0]
Test case 246 : [0, 0, 1, 1, 1, 0, 1, 1, 1, 1]
Test case 247 : [0, 0, 1, 1, 1, 1, 0, 0, 0, 0]
Test case 248 : [0, 0, 1, 1, 1, 1, 0, 0, 0, 1]
Test case 249 : [0, 0, 1, 1, 1, 1, 0, 0, 1, 0]
Test case 250 : [0, 0, 1, 1, 1, 1, 0, 0, 1, 1]
Test case 251 : [0, 0, 1, 1, 1, 1, 0, 1, 0, 0]
Test case 252 : [0, 0, 1, 1, 1, 1, 0, 1, 0, 1]
Test case 253 : [0, 0, 1, 1, 1, 1, 0, 1, 1, 0]
Test case 254 : [0, 0, 1, 1, 1, 1, 0, 1, 1, 1]
Test case 255 : [0, 0, 1, 1, 1, 1, 1, 0, 0, 0]
Test case 256 : [0, 0, 1, 1, 1, 1, 1, 0, 0, 1]
Test case 257 : [0, 0, 1, 1, 1, 1, 1, 0, 1, 0]
Test case 258 : [0, 0, 1, 1, 1, 1, 1, 0, 1, 1]
Test case 259 : [0, 0, 1, 1, 1, 1, 1, 1, 0, 0]
Test case 260 : [0, 0, 1, 1, 1, 1, 1, 1, 0, 1]
Test case 261 : [0, 0, 1, 1, 1, 1, 1, 1, 1, 0]
Test case 262 : [0, 0, 1, 1, 1, 1, 1, 1, 1, 1]
Test case 263 : [0, 1, 0, 0, 0, 0, 0, 0, 0, 0]
Test case 264 : [0, 1, 0, 0, 0, 0, 0, 0, 0, 1]
Test case 265 : [0, 1, 0, 0, 0, 0, 0, 0, 1, 0]
Test case 266 : [0, 1, 0, 0, 0, 0, 0, 0, 1, 1]
Test case 267 : [0, 1, 0, 0, 0, 0, 0, 1, 0, 0]
Test case 268 : [0, 1, 0, 0, 0, 0, 0, 1, 0, 1]
Test case 269 : [0, 1, 0, 0, 0, 0, 0, 1, 1, 0]
Test case 270 : [0, 1, 0, 0, 0, 0, 0, 1, 1, 1]
Test case 271 : [0, 1, 0, 0, 0, 0, 1, 0, 0, 0]
Test case 272 : [0, 1, 0, 0, 0, 0, 1, 0, 0, 1]
Test case 273 : [0, 1, 0, 0, 0, 0, 1, 0, 1, 0]
Test case 274 : [0, 1, 0, 0, 0, 0, 1, 0, 1, 1]
Test case 275 : [0, 1, 0, 0, 0, 0, 1, 1, 0, 0]
Test case 276 : [0, 1, 0, 0, 0, 0, 1, 1, 0, 1]
Test case 277 : [0, 1, 0, 0, 0, 0, 1, 1, 1, 0]
Test case 278 : [0, 1, 0, 0, 0, 0, 1, 1, 1, 1]
Test case 279 : [0, 1, 0, 0, 0, 1, 0, 0, 0, 0]
Test case 280 : [0, 1, 0, 0, 0, 1, 0, 0, 0, 1]
Test case 281 : [0, 1, 0, 0, 0, 1, 0, 0, 1, 0]
Test case 282 : [0, 1, 0, 0, 0, 1, 0, 0, 1, 1]
Test case 283 : [0, 1, 0, 0, 0, 1, 0, 1, 0, 0]
Test case 284 : [0, 1, 0, 0, 0, 1, 0, 1, 0, 1]
Test case 285 : [0, 1, 0, 0, 0, 1, 0, 1, 1, 0]
Test case 286 : [0, 1, 0, 0, 0, 1, 0, 1, 1, 1]
Test case 287 : [0, 1, 0, 0, 0, 1, 1, 0, 0, 0]
Test case 288 : [0, 1, 0, 0, 0, 1, 1, 0, 0, 1]
Test case 289 : [0, 1, 0, 0, 0, 1, 1, 0, 1, 0]
Test case 290 : [0, 1, 0, 0, 0, 1, 1, 0, 1, 1]
Test case 291 : [0, 1, 0, 0, 0, 1, 1, 1, 0, 0]
Test case 292 : [0, 1, 0, 0, 0, 1, 1, 1, 0, 1]
Test case 293 : [0, 1, 0, 0, 0, 1, 1, 1, 1, 0]
Test case 294 : [0, 1, 0, 0, 0, 1, 1, 1, 1, 1]
Test case 295 : [0, 1, 0, 0, 1, 0, 0, 0, 0, 0]
Test case 296 : [0, 1, 0, 0, 1, 0, 0, 0, 0, 1]
Test case 297 : [0, 1, 0, 0, 1, 0, 0, 0, 1, 0]
Test case 298 : [0, 1, 0, 0, 1, 0, 0, 0, 1, 1]
Test case 299 : [0, 1, 0, 0, 1, 0, 0, 1, 0, 0]
Test case 300 : [0, 1, 0, 0, 1, 0, 0, 1, 0, 1]
Test case 301 : [0, 1, 0, 0, 1, 0, 0, 1, 1, 0]
Test case 302 : [0, 1, 0, 0, 1, 0, 0, 1, 1, 1]
Test case 303 : [0, 1, 0, 0, 1, 0, 1, 0, 0, 0]
Test case 304 : [0, 1, 0, 0, 1, 0, 1, 0, 0, 1]
Test case 305 : [0, 1, 0, 0, 1, 0, 1, 0, 1, 0]
Test case 306 : [0, 1, 0, 0, 1, 0, 1, 0, 1, 1]
Test case 307 : [0, 1, 0, 0, 1, 0, 1, 1, 0, 0]
Test case 308 : [0, 1, 0, 0, 1, 0, 1, 1, 0, 1]
Test case 309 : [0, 1, 0, 0, 1, 0, 1, 1, 1, 0]
Test case 310 : [0, 1, 0, 0, 1, 0, 1, 1, 1, 1]
Test case 311 : [0, 1, 0, 0, 1, 1, 0, 0, 0, 0]
Test case 312 : [0, 1, 0, 0, 1, 1, 0, 0, 0, 1]
Test case 313 : [0, 1, 0, 0, 1, 1, 0, 0, 1, 0]
Test case 314 : [0, 1, 0, 0, 1, 1, 0, 0, 1, 1]
Test case 315 : [0, 1, 0, 0, 1, 1, 0, 1, 0, 0]
Test case 316 : [0, 1, 0, 0, 1, 1, 0, 1, 0, 1]
Test case 317 : [0, 1, 0, 0, 1, 1, 0, 1, 1, 0]
Test case 318 : [0, 1, 0, 0, 1, 1, 0, 1, 1, 1]
Test case 319 : [0, 1, 0, 0, 1, 1, 1, 0, 0, 0]
Test case 320 : [0, 1, 0, 0, 1, 1, 1, 0, 0, 1]
Test case 321 : [0, 1, 0, 0, 1, 1, 1, 0, 1, 0]
Test case 322 : [0, 1, 0, 0, 1, 1, 1, 0, 1, 1]
Test case 323 : [0, 1, 0, 0, 1, 1, 1, 1, 0, 0]
Test case 324 : [0, 1, 0, 0, 1, 1, 1, 1, 0, 1]
Test case 325 : [0, 1, 0, 0, 1, 1, 1, 1, 1, 0]
Test case 326 : [0, 1, 0, 0, 1, 1, 1, 1, 1, 1]
Test case 327 : [0, 1, 0, 1, 0, 0, 0, 0, 0, 0]
Test case 328 : [0, 1, 0, 1, 0, 0, 0, 0, 0, 1]
Test case 329 : [0, 1, 0, 1, 0, 0, 0, 0, 1, 0]
Test case 330 : [0, 1, 0, 1, 0, 0, 0, 0, 1, 1]
Test case 331 : [0, 1, 0, 1, 0, 0, 0, 1, 0, 0]
Test case 332 : [0, 1, 0, 1, 0, 0, 0, 1, 0, 1]
Test case 333 : [0, 1, 0, 1, 0, 0, 0, 1, 1, 0]
Test case 334 : [0, 1, 0, 1, 0, 0, 0, 1, 1, 1]
Test case 335 : [0, 1, 0, 1, 0, 0, 1, 0, 0, 0]
Test case 336 : [0, 1, 0, 1, 0, 0, 1, 0, 0, 1]
Test case 337 : [0, 1, 0, 1, 0, 0, 1, 0, 1, 0]
Test case 338 : [0, 1, 0, 1, 0, 0, 1, 0, 1, 1]
Test case 339 : [0, 1, 0, 1, 0, 0, 1, 1, 0, 0]
Test case 340 : [0, 1, 0, 1, 0, 0, 1, 1, 0, 1]
Test case 341 : [0, 1, 0, 1, 0, 0, 1, 1, 1, 0]
Test case 342 : [0, 1, 0, 1, 0, 0, 1, 1, 1, 1]
Test case 343 : [0, 1, 0, 1, 0, 1, 0, 0, 0, 0]
Test case 344 : [0, 1, 0, 1, 0, 1, 0, 0, 0, 1]
Test case 345 : [0, 1, 0, 1, 0, 1, 0, 0, 1, 0]
Test case 346 : [0, 1, 0, 1, 0, 1, 0, 0, 1, 1]
Test case 347 : [0, 1, 0, 1, 0, 1, 0, 1, 0, 0]
Test case 348 : [0, 1, 0, 1, 0, 1, 0, 1, 0, 1]
Test case 349 : [0, 1, 0, 1, 0, 1, 0, 1, 1, 0]
Test case 350 : [0, 1, 0, 1, 0, 1, 0, 1, 1, 1]
Test case 351 : [0, 1, 0, 1, 0, 1, 1, 0, 0, 0]
Test case 352 : [0, 1, 0, 1, 0, 1, 1, 0, 0, 1]
Test case 353 : [0, 1, 0, 1, 0, 1, 1, 0, 1, 0]
Test case 354 : [0, 1, 0, 1, 0, 1, 1, 0, 1, 1]
Test case 355 : [0, 1, 0, 1, 0, 1, 1, 1, 0, 0]
Test case 356 : [0, 1, 0, 1, 0, 1, 1, 1, 0, 1]
Test case 357 : [0, 1, 0, 1, 0, 1, 1, 1, 1, 0]
Test case 358 : [0, 1, 0, 1, 0, 1, 1, 1, 1, 1]
Test case 359 : [0, 1, 0, 1, 1, 0, 0, 0, 0, 0]
Test case 360 : [0, 1, 0, 1, 1, 0, 0, 0, 0, 1]
Test case 361 : [0, 1, 0, 1, 1, 0, 0, 0, 1, 0]
Test case 362 : [0, 1, 0, 1, 1, 0, 0, 0, 1, 1]
Test case 363 : [0, 1, 0, 1, 1, 0, 0, 1, 0, 0]
Test case 364 : [0, 1, 0, 1, 1, 0, 0, 1, 0, 1]
Test case 365 : [0, 1, 0, 1, 1, 0, 0, 1, 1, 0]
Test case 366 : [0, 1, 0, 1, 1, 0, 0, 1, 1, 1]
Test case 367 : [0, 1, 0, 1, 1, 0, 1, 0, 0, 0]
Test case 368 : [0, 1, 0, 1, 1, 0, 1, 0, 0, 1]
Test case 369 : [0, 1, 0, 1, 1, 0, 1, 0, 1, 0]
Test case 370 : [0, 1, 0, 1, 1, 0, 1, 0, 1, 1]
Test case 371 : [0, 1, 0, 1, 1, 0, 1, 1, 0, 0]
Test case 372 : [0, 1, 0, 1, 1, 0, 1, 1, 0, 1]
Test case 373 : [0, 1, 0, 1, 1, 0, 1, 1, 1, 0]
Test case 374 : [0, 1, 0, 1, 1, 0, 1, 1, 1, 1]
Test case 375 : [0, 1, 0, 1, 1, 1, 0, 0, 0, 0]
Test case 376 : [0, 1, 0, 1, 1, 1, 0, 0, 0, 1]
Test case 377 : [0, 1, 0, 1, 1, 1, 0, 0, 1, 0]
Test case 378 : [0, 1, 0, 1, 1, 1, 0, 0, 1, 1]
Test case 379 : [0, 1, 0, 1, 1, 1, 0, 1, 0, 0]
Test case 380 : [0, 1, 0, 1, 1, 1, 0, 1, 0, 1]
Test case 381 : [0, 1, 0, 1, 1, 1, 0, 1, 1, 0]
Test case 382 : [0, 1, 0, 1, 1, 1, 0, 1, 1, 1]
Test case 383 : [0, 1, 0, 1, 1, 1, 1, 0, 0, 0]
Test case 384 : [0, 1, 0, 1, 1, 1, 1, 0, 0, 1]
Test case 385 : [0, 1, 0, 1, 1, 1, 1, 0, 1, 0]
Test case 386 : [0, 1, 0, 1, 1, 1, 1, 0, 1, 1]
Test case 387 : [0, 1, 0, 1, 1, 1, 1, 1, 0, 0]
Test case 388 : [0, 1, 0, 1, 1, 1, 1, 1, 0, 1]
Test case 389 : [0, 1, 0, 1, 1, 1, 1, 1, 1, 0]
Test case 390 : [0, 1, 0, 1, 1, 1, 1, 1, 1, 1]
Test case 391 : [0, 1, 1, 0, 0, 0, 0, 0, 0, 0]
Test case 392 : [0, 1, 1, 0, 0, 0, 0, 0, 0, 1]
Test case 393 : [0, 1, 1, 0, 0, 0, 0, 0, 1, 0]
Test case 394 : [0, 1, 1, 0, 0, 0, 0, 0, 1, 1]
Test case 395 : [0, 1, 1, 0, 0, 0, 0, 1, 0, 0]
Test case 396 : [0, 1, 1, 0, 0, 0, 0, 1, 0, 1]
Test case 397 : [0, 1, 1, 0, 0, 0, 0, 1, 1, 0]
Test case 398 : [0, 1, 1, 0, 0, 0, 0, 1, 1, 1]
Test case 399 : [0, 1, 1, 0, 0, 0, 1, 0, 0, 0]
Test case 400 : [0, 1, 1, 0, 0, 0, 1, 0, 0, 1]
Test case 401 : [0, 1, 1, 0, 0, 0, 1, 0, 1, 0]
Test case 402 : [0, 1, 1, 0, 0, 0, 1, 0, 1, 1]
Test case 403 : [0, 1, 1, 0, 0, 0, 1, 1, 0, 0]
Test case 404 : [0, 1, 1, 0, 0, 0, 1, 1, 0, 1]
Test case 405 : [0, 1, 1, 0, 0, 0, 1, 1, 1, 0]
Test case 406 : [0, 1, 1, 0, 0, 0, 1, 1, 1, 1]
Test case 407 : [0, 1, 1, 0, 0, 1, 0, 0, 0, 0]
Test case 408 : [0, 1, 1, 0, 0, 1, 0, 0, 0, 1]
Test case 409 : [0, 1, 1, 0, 0, 1, 0, 0, 1, 0]
Test case 410 : [0, 1, 1, 0, 0, 1, 0, 0, 1, 1]
Test case 411 : [0, 1, 1, 0, 0, 1, 0, 1, 0, 0]
Test case 412 : [0, 1, 1, 0, 0, 1, 0, 1, 0, 1]
Test case 413 : [0, 1, 1, 0, 0, 1, 0, 1, 1, 0]
Test case 414 : [0, 1, 1, 0, 0, 1, 0, 1, 1, 1]
Test case 415 : [0, 1, 1, 0, 0, 1, 1, 0, 0, 0]
Test case 416 : [0, 1, 1, 0, 0, 1, 1, 0, 0, 1]
Test case 417 : [0, 1, 1, 0, 0, 1, 1, 0, 1, 0]
Test case 418 : [0, 1, 1, 0, 0, 1, 1, 0, 1, 1]
Test case 419 : [0, 1, 1, 0, 0, 1, 1, 1, 0, 0]
Test case 420 : [0, 1, 1, 0, 0, 1, 1, 1, 0, 1]
Test case 421 : [0, 1, 1, 0, 0, 1, 1, 1, 1, 0]
Test case 422 : [0, 1, 1, 0, 0, 1, 1, 1, 1, 1]
Test case 423 : [0, 1, 1, 0, 1, 0, 0, 0, 0, 0]
Test case 424 : [0, 1, 1, 0, 1, 0, 0, 0, 0, 1]
Test case 425 : [0, 1, 1, 0, 1, 0, 0, 0, 1, 0]
Test case 426 : [0, 1, 1, 0, 1, 0, 0, 0, 1, 1]
Test case 427 : [0, 1, 1, 0, 1, 0, 0, 1, 0, 0]
Test case 428 : [0, 1, 1, 0, 1, 0, 0, 1, 0, 1]
Test case 429 : [0, 1, 1, 0, 1, 0, 0, 1, 1, 0]
Test case 430 : [0, 1, 1, 0, 1, 0, 0, 1, 1, 1]
Test case 431 : [0, 1, 1, 0, 1, 0, 1, 0, 0, 0]
Test case 432 : [0, 1, 1, 0, 1, 0, 1, 0, 0, 1]
Test case 433 : [0, 1, 1, 0, 1, 0, 1, 0, 1, 0]
Test case 434 : [0, 1, 1, 0, 1, 0, 1, 0, 1, 1]
Test case 435 : [0, 1, 1, 0, 1, 0, 1, 1, 0, 0]
Test case 436 : [0, 1, 1, 0, 1, 0, 1, 1, 0, 1]
Test case 437 : [0, 1, 1, 0, 1, 0, 1, 1, 1, 0]
Test case 438 : [0, 1, 1, 0, 1, 0, 1, 1, 1, 1]
Test case 439 : [0, 1, 1, 0, 1, 1, 0, 0, 0, 0]
Test case 440 : [0, 1, 1, 0, 1, 1, 0, 0, 0, 1]
Test case 441 : [0, 1, 1, 0, 1, 1, 0, 0, 1, 0]
Test case 442 : [0, 1, 1, 0, 1, 1, 0, 0, 1, 1]
Test case 443 : [0, 1, 1, 0, 1, 1, 0, 1, 0, 0]
Test case 444 : [0, 1, 1, 0, 1, 1, 0, 1, 0, 1]
Test case 445 : [0, 1, 1, 0, 1, 1, 0, 1, 1, 0]
Test case 446 : [0, 1, 1, 0, 1, 1, 0, 1, 1, 1]
Test case 447 : [0, 1, 1, 0, 1, 1, 1, 0, 0, 0]
Test case 448 : [0, 1, 1, 0, 1, 1, 1, 0, 0, 1]
Test case 449 : [0, 1, 1, 0, 1, 1, 1, 0, 1, 0]
Test case 450 : [0, 1, 1, 0, 1, 1, 1, 0, 1, 1]
Test case 451 : [0, 1, 1, 0, 1, 1, 1, 1, 0, 0]
Test case 452 : [0, 1, 1, 0, 1, 1, 1, 1, 0, 1]
Test case 453 : [0, 1, 1, 0, 1, 1, 1, 1, 1, 0]
Test case 454 : [0, 1, 1, 0, 1, 1, 1, 1, 1, 1]
Test case 455 : [0, 1, 1, 1, 0, 0, 0, 0, 0, 0]
Test case 456 : [0, 1, 1, 1, 0, 0, 0, 0, 0, 1]
Test case 457 : [0, 1, 1, 1, 0, 0, 0, 0, 1, 0]
Test case 458 : [0, 1, 1, 1, 0, 0, 0, 0, 1, 1]
Test case 459 : [0, 1, 1, 1, 0, 0, 0, 1, 0, 0]
Test case 460 : [0, 1, 1, 1, 0, 0, 0, 1, 0, 1]
Test case 461 : [0, 1, 1, 1, 0, 0, 0, 1, 1, 0]
Test case 462 : [0, 1, 1, 1, 0, 0, 0, 1, 1, 1]
Test case 463 : [0, 1, 1, 1, 0, 0, 1, 0, 0, 0]
Test case 464 : [0, 1, 1, 1, 0, 0, 1, 0, 0, 1]
Test case 465 : [0, 1, 1, 1, 0, 0, 1, 0, 1, 0]
Test case 466 : [0, 1, 1, 1, 0, 0, 1, 0, 1, 1]
Test case 467 : [0, 1, 1, 1, 0, 0, 1, 1, 0, 0]
Test case 468 : [0, 1, 1, 1, 0, 0, 1, 1, 0, 1]
Test case 469 : [0, 1, 1, 1, 0, 0, 1, 1, 1, 0]
Test case 470 : [0, 1, 1, 1, 0, 0, 1, 1, 1, 1]
Test case 471 : [0, 1, 1, 1, 0, 1, 0, 0, 0, 0]
Test case 472 : [0, 1, 1, 1, 0, 1, 0, 0, 0, 1]
Test case 473 : [0, 1, 1, 1, 0, 1, 0, 0, 1, 0]
Test case 474 : [0, 1, 1, 1, 0, 1, 0, 0, 1, 1]
Test case 475 : [0, 1, 1, 1, 0, 1, 0, 1, 0, 0]
Test case 476 : [0, 1, 1, 1, 0, 1, 0, 1, 0, 1]
Test case 477 : [0, 1, 1, 1, 0, 1, 0, 1, 1, 0]
Test case 478 : [0, 1, 1, 1, 0, 1, 0, 1, 1, 1]
Test case 479 : [0, 1, 1, 1, 0, 1, 1, 0, 0, 0]
Test case 480 : [0, 1, 1, 1, 0, 1, 1, 0, 0, 1]
Test case 481 : [0, 1, 1, 1, 0, 1, 1, 0, 1, 0]
Test case 482 : [0, 1, 1, 1, 0, 1, 1, 0, 1, 1]
Test case 483 : [0, 1, 1, 1, 0, 1, 1, 1, 0, 0]
Test case 484 : [0, 1, 1, 1, 0, 1, 1, 1, 0, 1]
Test case 485 : [0, 1, 1, 1, 0, 1, 1, 1, 1, 0]
Test case 486 : [0, 1, 1, 1, 0, 1, 1, 1, 1, 1]
Test case 487 : [0, 1, 1, 1, 1, 0, 0, 0, 0, 0]
Test case 488 : [0, 1, 1, 1, 1, 0, 0, 0, 0, 1]
Test case 489 : [0, 1, 1, 1, 1, 0, 0, 0, 1, 0]
Test case 490 : [0, 1, 1, 1, 1, 0, 0, 0, 1, 1]
Test case 491 : [0, 1, 1, 1, 1, 0, 0, 1, 0, 0]
Test case 492 : [0, 1, 1, 1, 1, 0, 0, 1, 0, 1]
Test case 493 : [0, 1, 1, 1, 1, 0, 0, 1, 1, 0]
Test case 494 : [0, 1, 1, 1, 1, 0, 0, 1, 1, 1]
Test case 495 : [0, 1, 1, 1, 1, 0, 1, 0, 0, 0]
Test case 496 : [0, 1, 1, 1, 1, 0, 1, 0, 0, 1]
Test case 497 : [0, 1, 1, 1, 1, 0, 1, 0, 1, 0]
Test case 498 : [0, 1, 1, 1, 1, 0, 1, 0, 1, 1]
Test case 499 : [0, 1, 1, 1, 1, 0, 1, 1, 0, 0]
Test case 500 : [0, 1, 1, 1, 1, 0, 1, 1, 0, 1]
Test case 501 : [0, 1, 1, 1, 1, 0, 1, 1, 1, 0]
Test case 502 : [0, 1, 1, 1, 1, 0, 1, 1, 1, 1]
Test case 503 : [0, 1, 1, 1, 1, 1, 0, 0, 0, 0]
Test case 504 : [0, 1, 1, 1, 1, 1, 0, 0, 0, 1]
Test case 505 : [0, 1, 1, 1, 1, 1, 0, 0, 1, 0]
Test case 506 : [0, 1, 1, 1, 1, 1, 0, 0, 1, 1]
Test case 507 : [0, 1, 1, 1, 1, 1, 0, 1, 0, 0]
Test case 508 : [0, 1, 1, 1, 1, 1, 0, 1, 0, 1]
Test case 509 : [0, 1, 1, 1, 1, 1, 0, 1, 1, 0]
Test case 510 : [0, 1, 1, 1, 1, 1, 0, 1, 1, 1]
Test case 511 : [0, 1, 1, 1, 1, 1, 1, 0, 0, 0]
Test case 512 : [0, 1, 1, 1, 1, 1, 1, 0, 0, 1]
Test case 513 : [0, 1, 1, 1, 1, 1, 1, 0, 1, 0]
Test case 514 : [0, 1, 1, 1, 1, 1, 1, 0, 1, 1]
Test case 515 : [0, 1, 1, 1, 1, 1, 1, 1, 0, 0]
Test case 516 : [0, 1, 1, 1, 1, 1, 1, 1, 0, 1]
Test case 517 : [0, 1, 1, 1, 1, 1, 1, 1, 1, 0]
Test case 518 : [0, 1, 1, 1, 1, 1, 1, 1, 1, 1]
Test case 519 : [1, 0, 0, 0, 0, 0, 0, 0, 0, 0]
Test case 520 : [1, 0, 0, 0, 0, 0, 0, 0, 0, 1]
Test case 521 : [1, 0, 0, 0, 0, 0, 0, 0, 1, 0]
Test case 522 : [1, 0, 0, 0, 0, 0, 0, 0, 1, 1]
Test case 523 : [1, 0, 0, 0, 0, 0, 0, 1, 0, 0]
Test case 524 : [1, 0, 0, 0, 0, 0, 0, 1, 0, 1]
Test case 525 : [1, 0, 0, 0, 0, 0, 0, 1, 1, 0]
Test case 526 : [1, 0, 0, 0, 0, 0, 0, 1, 1, 1]
Test case 527 : [1, 0, 0, 0, 0, 0, 1, 0, 0, 0]
Test case 528 : [1, 0, 0, 0, 0, 0, 1, 0, 0, 1]
Test case 529 : [1, 0, 0, 0, 0, 0, 1, 0, 1, 0]
Test case 530 : [1, 0, 0, 0, 0, 0, 1, 0, 1, 1]
Test case 531 : [1, 0, 0, 0, 0, 0, 1, 1, 0, 0]
Test case 532 : [1, 0, 0, 0, 0, 0, 1, 1, 0, 1]
Test case 533 : [1, 0, 0, 0, 0, 0, 1, 1, 1, 0]
Test case 534 : [1, 0, 0, 0, 0, 0, 1, 1, 1, 1]
Test case 535 : [1, 0, 0, 0, 0, 1, 0, 0, 0, 0]
Test case 536 : [1, 0, 0, 0, 0, 1, 0, 0, 0, 1]
Test case 537 : [1, 0, 0, 0, 0, 1, 0, 0, 1, 0]
Test case 538 : [1, 0, 0, 0, 0, 1, 0, 0, 1, 1]
Test case 539 : [1, 0, 0, 0, 0, 1, 0, 1, 0, 0]
Test case 540 : [1, 0, 0, 0, 0, 1, 0, 1, 0, 1]
Test case 541 : [1, 0, 0, 0, 0, 1, 0, 1, 1, 0]
Test case 542 : [1, 0, 0, 0, 0, 1, 0, 1, 1, 1]
Test case 543 : [1, 0, 0, 0, 0, 1, 1, 0, 0, 0]
Test case 544 : [1, 0, 0, 0, 0, 1, 1, 0, 0, 1]
Test case 545 : [1, 0, 0, 0, 0, 1, 1, 0, 1, 0]
Test case 546 : [1, 0, 0, 0, 0, 1, 1, 0, 1, 1]
Test case 547 : [1, 0, 0, 0, 0, 1, 1, 1, 0, 0]
Test case 548 : [1, 0, 0, 0, 0, 1, 1, 1, 0, 1]
Test case 549 : [1, 0, 0, 0, 0, 1, 1, 1, 1, 0]
Test case 550 : [1, 0, 0, 0, 0, 1, 1, 1, 1, 1]
Test case 551 : [1, 0, 0, 0, 1, 0, 0, 0, 0, 0]
Test case 552 : [1, 0, 0, 0, 1, 0, 0, 0, 0, 1]
Test case 553 : [1, 0, 0, 0, 1, 0, 0, 0, 1, 0]
Test case 554 : [1, 0, 0, 0, 1, 0, 0, 0, 1, 1]
Test case 555 : [1, 0, 0, 0, 1, 0, 0, 1, 0, 0]
Test case 556 : [1, 0, 0, 0, 1, 0, 0, 1, 0, 1]
Test case 557 : [1, 0, 0, 0, 1, 0, 0, 1, 1, 0]
Test case 558 : [1, 0, 0, 0, 1, 0, 0, 1, 1, 1]
Test case 559 : [1, 0, 0, 0, 1, 0, 1, 0, 0, 0]
Test case 560 : [1, 0, 0, 0, 1, 0, 1, 0, 0, 1]
Test case 561 : [1, 0, 0, 0, 1, 0, 1, 0, 1, 0]
Test case 562 : [1, 0, 0, 0, 1, 0, 1, 0, 1, 1]
Test case 563 : [1, 0, 0, 0, 1, 0, 1, 1, 0, 0]
Test case 564 : [1, 0, 0, 0, 1, 0, 1, 1, 0, 1]
Test case 565 : [1, 0, 0, 0, 1, 0, 1, 1, 1, 0]
Test case 566 : [1, 0, 0, 0, 1, 0, 1, 1, 1, 1]
Test case 567 : [1, 0, 0, 0, 1, 1, 0, 0, 0, 0]
Test case 568 : [1, 0, 0, 0, 1, 1, 0, 0, 0, 1]
Test case 569 : [1, 0, 0, 0, 1, 1, 0, 0, 1, 0]
Test case 570 : [1, 0, 0, 0, 1, 1, 0, 0, 1, 1]
Test case 571 : [1, 0, 0, 0, 1, 1, 0, 1, 0, 0]
Test case 572 : [1, 0, 0, 0, 1, 1, 0, 1, 0, 1]
Test case 573 : [1, 0, 0, 0, 1, 1, 0, 1, 1, 0]
Test case 574 : [1, 0, 0, 0, 1, 1, 0, 1, 1, 1]
Test case 575 : [1, 0, 0, 0, 1, 1, 1, 0, 0, 0]
Test case 576 : [1, 0, 0, 0, 1, 1, 1, 0, 0, 1]
Test case 577 : [1, 0, 0, 0, 1, 1, 1, 0, 1, 0]
Test case 578 : [1, 0, 0, 0, 1, 1, 1, 0, 1, 1]
Test case 579 : [1, 0, 0, 0, 1, 1, 1, 1, 0, 0]
Test case 580 : [1, 0, 0, 0, 1, 1, 1, 1, 0, 1]
Test case 581 : [1, 0, 0, 0, 1, 1, 1, 1, 1, 0]
Test case 582 : [1, 0, 0, 0, 1, 1, 1, 1, 1, 1]
Test case 583 : [1, 0, 0, 1, 0, 0, 0, 0, 0, 0]
Test case 584 : [1, 0, 0, 1, 0, 0, 0, 0, 0, 1]
Test case 585 : [1, 0, 0, 1, 0, 0, 0, 0, 1, 0]
Test case 586 : [1, 0, 0, 1, 0, 0, 0, 0, 1, 1]
Test case 587 : [1, 0, 0, 1, 0, 0, 0, 1, 0, 0]
Test case 588 : [1, 0, 0, 1, 0, 0, 0, 1, 0, 1]
Test case 589 : [1, 0, 0, 1, 0, 0, 0, 1, 1, 0]
Test case 590 : [1, 0, 0, 1, 0, 0, 0, 1, 1, 1]
Test case 591 : [1, 0, 0, 1, 0, 0, 1, 0, 0, 0]
Test case 592 : [1, 0, 0, 1, 0, 0, 1, 0, 0, 1]
Test case 593 : [1, 0, 0, 1, 0, 0, 1, 0, 1, 0]
Test case 594 : [1, 0, 0, 1, 0, 0, 1, 0, 1, 1]
Test case 595 : [1, 0, 0, 1, 0, 0, 1, 1, 0, 0]
Test case 596 : [1, 0, 0, 1, 0, 0, 1, 1, 0, 1]
Test case 597 : [1, 0, 0, 1, 0, 0, 1, 1, 1, 0]
Test case 598 : [1, 0, 0, 1, 0, 0, 1, 1, 1, 1]
Test case 599 : [1, 0, 0, 1, 0, 1, 0, 0, 0, 0]
Test case 600 : [1, 0, 0, 1, 0, 1, 0, 0, 0, 1]
Test case 601 : [1, 0, 0, 1, 0, 1, 0, 0, 1, 0]
Test case 602 : [1, 0, 0, 1, 0, 1, 0, 0, 1, 1]
Test case 603 : [1, 0, 0, 1, 0, 1, 0, 1, 0, 0]
Test case 604 : [1, 0, 0, 1, 0, 1, 0, 1, 0, 1]
Test case 605 : [1, 0, 0, 1, 0, 1, 0, 1, 1, 0]
Test case 606 : [1, 0, 0, 1, 0, 1, 0, 1, 1, 1]
Test case 607 : [1, 0, 0, 1, 0, 1, 1, 0, 0, 0]
Test case 608 : [1, 0, 0, 1, 0, 1, 1, 0, 0, 1]
Test case 609 : [1, 0, 0, 1, 0, 1, 1, 0, 1, 0]
Test case 610 : [1, 0, 0, 1, 0, 1, 1, 0, 1, 1]
Test case 611 : [1, 0, 0, 1, 0, 1, 1, 1, 0, 0]
Test case 612 : [1, 0, 0, 1, 0, 1, 1, 1, 0, 1]
Test case 613 : [1, 0, 0, 1, 0, 1, 1, 1, 1, 0]
Test case 614 : [1, 0, 0, 1, 0, 1, 1, 1, 1, 1]
Test case 615 : [1, 0, 0, 1, 1, 0, 0, 0, 0, 0]
Test case 616 : [1, 0, 0, 1, 1, 0, 0, 0, 0, 1]
Test case 617 : [1, 0, 0, 1, 1, 0, 0, 0, 1, 0]
Test case 618 : [1, 0, 0, 1, 1, 0, 0, 0, 1, 1]
Test case 619 : [1, 0, 0, 1, 1, 0, 0, 1, 0, 0]
Test case 620 : [1, 0, 0, 1, 1, 0, 0, 1, 0, 1]
Test case 621 : [1, 0, 0, 1, 1, 0, 0, 1, 1, 0]
Test case 622 : [1, 0, 0, 1, 1, 0, 0, 1, 1, 1]
Test case 623 : [1, 0, 0, 1, 1, 0, 1, 0, 0, 0]
Test case 624 : [1, 0, 0, 1, 1, 0, 1, 0, 0, 1]
Test case 625 : [1, 0, 0, 1, 1, 0, 1, 0, 1, 0]
Test case 626 : [1, 0, 0, 1, 1, 0, 1, 0, 1, 1]
Test case 627 : [1, 0, 0, 1, 1, 0, 1, 1, 0, 0]
Test case 628 : [1, 0, 0, 1, 1, 0, 1, 1, 0, 1]
Test case 629 : [1, 0, 0, 1, 1, 0, 1, 1, 1, 0]
Test case 630 : [1, 0, 0, 1, 1, 0, 1, 1, 1, 1]
Test case 631 : [1, 0, 0, 1, 1, 1, 0, 0, 0, 0]
Test case 632 : [1, 0, 0, 1, 1, 1, 0, 0, 0, 1]
Test case 633 : [1, 0, 0, 1, 1, 1, 0, 0, 1, 0]
Test case 634 : [1, 0, 0, 1, 1, 1, 0, 0, 1, 1]
Test case 635 : [1, 0, 0, 1, 1, 1, 0, 1, 0, 0]
Test case 636 : [1, 0, 0, 1, 1, 1, 0, 1, 0, 1]
Test case 637 : [1, 0, 0, 1, 1, 1, 0, 1, 1, 0]
Test case 638 : [1, 0, 0, 1, 1, 1, 0, 1, 1, 1]
Test case 639 : [1, 0, 0, 1, 1, 1, 1, 0, 0, 0]
Test case 640 : [1, 0, 0, 1, 1, 1, 1, 0, 0, 1]
Test case 641 : [1, 0, 0, 1, 1, 1, 1, 0, 1, 0]
Test case 642 : [1, 0, 0, 1, 1, 1, 1, 0, 1, 1]
Test case 643 : [1, 0, 0, 1, 1, 1, 1, 1, 0, 0]
Test case 644 : [1, 0, 0, 1, 1, 1, 1, 1, 0, 1]
Test case 645 : [1, 0, 0, 1, 1, 1, 1, 1, 1, 0]
Test case 646 : [1, 0, 0, 1, 1, 1, 1, 1, 1, 1]
Test case 647 : [1, 0, 1, 0, 0, 0, 0, 0, 0, 0]
Test case 648 : [1, 0, 1, 0, 0, 0, 0, 0, 0, 1]
Test case 649 : [1, 0, 1, 0, 0, 0, 0, 0, 1, 0]
Test case 650 : [1, 0, 1, 0, 0, 0, 0, 0, 1, 1]
Test case 651 : [1, 0, 1, 0, 0, 0, 0, 1, 0, 0]
Test case 652 : [1, 0, 1, 0, 0, 0, 0, 1, 0, 1]
Test case 653 : [1, 0, 1, 0, 0, 0, 0, 1, 1, 0]
Test case 654 : [1, 0, 1, 0, 0, 0, 0, 1, 1, 1]
Test case 655 : [1, 0, 1, 0, 0, 0, 1, 0, 0, 0]
Test case 656 : [1, 0, 1, 0, 0, 0, 1, 0, 0, 1]
Test case 657 : [1, 0, 1, 0, 0, 0, 1, 0, 1, 0]
Test case 658 : [1, 0, 1, 0, 0, 0, 1, 0, 1, 1]
Test case 659 : [1, 0, 1, 0, 0, 0, 1, 1, 0, 0]
Test case 660 : [1, 0, 1, 0, 0, 0, 1, 1, 0, 1]
Test case 661 : [1, 0, 1, 0, 0, 0, 1, 1, 1, 0]
Test case 662 : [1, 0, 1, 0, 0, 0, 1, 1, 1, 1]
Test case 663 : [1, 0, 1, 0, 0, 1, 0, 0, 0, 0]
Test case 664 : [1, 0, 1, 0, 0, 1, 0, 0, 0, 1]
Test case 665 : [1, 0, 1, 0, 0, 1, 0, 0, 1, 0]
Test case 666 : [1, 0, 1, 0, 0, 1, 0, 0, 1, 1]
Test case 667 : [1, 0, 1, 0, 0, 1, 0, 1, 0, 0]
Test case 668 : [1, 0, 1, 0, 0, 1, 0, 1, 0, 1]
Test case 669 : [1, 0, 1, 0, 0, 1, 0, 1, 1, 0]
Test case 670 : [1, 0, 1, 0, 0, 1, 0, 1, 1, 1]
Test case 671 : [1, 0, 1, 0, 0, 1, 1, 0, 0, 0]
Test case 672 : [1, 0, 1, 0, 0, 1, 1, 0, 0, 1]
Test case 673 : [1, 0, 1, 0, 0, 1, 1, 0, 1, 0]
Test case 674 : [1, 0, 1, 0, 0, 1, 1, 0, 1, 1]
Test case 675 : [1, 0, 1, 0, 0, 1, 1, 1, 0, 0]
Test case 676 : [1, 0, 1, 0, 0, 1, 1, 1, 0, 1]
Test case 677 : [1, 0, 1, 0, 0, 1, 1, 1, 1, 0]
Test case 678 : [1, 0, 1, 0, 0, 1, 1, 1, 1, 1]
Test case 679 : [1, 0, 1, 0, 1, 0, 0, 0, 0, 0]
Test case 680 : [1, 0, 1, 0, 1, 0, 0, 0, 0, 1]
Test case 681 : [1, 0, 1, 0, 1, 0, 0, 0, 1, 0]
Test case 682 : [1, 0, 1, 0, 1, 0, 0, 0, 1, 1]
Test case 683 : [1, 0, 1, 0, 1, 0, 0, 1, 0, 0]
Test case 684 : [1, 0, 1, 0, 1, 0, 0, 1, 0, 1]
Test case 685 : [1, 0, 1, 0, 1, 0, 0, 1, 1, 0]
Test case 686 : [1, 0, 1, 0, 1, 0, 0, 1, 1, 1]
Test case 687 : [1, 0, 1, 0, 1, 0, 1, 0, 0, 0]
Test case 688 : [1, 0, 1, 0, 1, 0, 1, 0, 0, 1]
Test case 689 : [1, 0, 1, 0, 1, 0, 1, 0, 1, 0]
Test case 690 : [1, 0, 1, 0, 1, 0, 1, 0, 1, 1]
Test case 691 : [1, 0, 1, 0, 1, 0, 1, 1, 0, 0]
Test case 692 : [1, 0, 1, 0, 1, 0, 1, 1, 0, 1]
Test case 693 : [1, 0, 1, 0, 1, 0, 1, 1, 1, 0]
Test case 694 : [1, 0, 1, 0, 1, 0, 1, 1, 1, 1]
Test case 695 : [1, 0, 1, 0, 1, 1, 0, 0, 0, 0]
Test case 696 : [1, 0, 1, 0, 1, 1, 0, 0, 0, 1]
Test case 697 : [1, 0, 1, 0, 1, 1, 0, 0, 1, 0]
Test case 698 : [1, 0, 1, 0, 1, 1, 0, 0, 1, 1]
Test case 699 : [1, 0, 1, 0, 1, 1, 0, 1, 0, 0]
Test case 700 : [1, 0, 1, 0, 1, 1, 0, 1, 0, 1]
Test case 701 : [1, 0, 1, 0, 1, 1, 0, 1, 1, 0]
Test case 702 : [1, 0, 1, 0, 1, 1, 0, 1, 1, 1]
Test case 703 : [1, 0, 1, 0, 1, 1, 1, 0, 0, 0]
Test case 704 : [1, 0, 1, 0, 1, 1, 1, 0, 0, 1]
Test case 705 : [1, 0, 1, 0, 1, 1, 1, 0, 1, 0]
Test case 706 : [1, 0, 1, 0, 1, 1, 1, 0, 1, 1]
Test case 707 : [1, 0, 1, 0, 1, 1, 1, 1, 0, 0]
Test case 708 : [1, 0, 1, 0, 1, 1, 1, 1, 0, 1]
Test case 709 : [1, 0, 1, 0, 1, 1, 1, 1, 1, 0]
Test case 710 : [1, 0, 1, 0, 1, 1, 1, 1, 1, 1]
Test case 711 : [1, 0, 1, 1, 0, 0, 0, 0, 0, 0]
Test case 712 : [1, 0, 1, 1, 0, 0, 0, 0, 0, 1]
Test case 713 : [1, 0, 1, 1, 0, 0, 0, 0, 1, 0]
Test case 714 : [1, 0, 1, 1, 0, 0, 0, 0, 1, 1]
Test case 715 : [1, 0, 1, 1, 0, 0, 0, 1, 0, 0]
Test case 716 : [1, 0, 1, 1, 0, 0, 0, 1, 0, 1]
Test case 717 : [1, 0, 1, 1, 0, 0, 0, 1, 1, 0]
Test case 718 : [1, 0, 1, 1, 0, 0, 0, 1, 1, 1]
Test case 719 : [1, 0, 1, 1, 0, 0, 1, 0, 0, 0]
Test case 720 : [1, 0, 1, 1, 0, 0, 1, 0, 0, 1]
Test case 721 : [1, 0, 1, 1, 0, 0, 1, 0, 1, 0]
Test case 722 : [1, 0, 1, 1, 0, 0, 1, 0, 1, 1]
Test case 723 : [1, 0, 1, 1, 0, 0, 1, 1, 0, 0]
Test case 724 : [1, 0, 1, 1, 0, 0, 1, 1, 0, 1]
Test case 725 : [1, 0, 1, 1, 0, 0, 1, 1, 1, 0]
Test case 726 : [1, 0, 1, 1, 0, 0, 1, 1, 1, 1]
Test case 727 : [1, 0, 1, 1, 0, 1, 0, 0, 0, 0]
Test case 728 : [1, 0, 1, 1, 0, 1, 0, 0, 0, 1]
Test case 729 : [1, 0, 1, 1, 0, 1, 0, 0, 1, 0]
Test case 730 : [1, 0, 1, 1, 0, 1, 0, 0, 1, 1]
Test case 731 : [1, 0, 1, 1, 0, 1, 0, 1, 0, 0]
Test case 732 : [1, 0, 1, 1, 0, 1, 0, 1, 0, 1]
Test case 733 : [1, 0, 1, 1, 0, 1, 0, 1, 1, 0]
Test case 734 : [1, 0, 1, 1, 0, 1, 0, 1, 1, 1]
Test case 735 : [1, 0, 1, 1, 0, 1, 1, 0, 0, 0]
Test case 736 : [1, 0, 1, 1, 0, 1, 1, 0, 0, 1]
Test case 737 : [1, 0, 1, 1, 0, 1, 1, 0, 1, 0]
Test case 738 : [1, 0, 1, 1, 0, 1, 1, 0, 1, 1]
Test case 739 : [1, 0, 1, 1, 0, 1, 1, 1, 0, 0]
Test case 740 : [1, 0, 1, 1, 0, 1, 1, 1, 0, 1]
Test case 741 : [1, 0, 1, 1, 0, 1, 1, 1, 1, 0]
Test case 742 : [1, 0, 1, 1, 0, 1, 1, 1, 1, 1]
Test case 743 : [1, 0, 1, 1, 1, 0, 0, 0, 0, 0]
Test case 744 : [1, 0, 1, 1, 1, 0, 0, 0, 0, 1]
Test case 745 : [1, 0, 1, 1, 1, 0, 0, 0, 1, 0]
Test case 746 : [1, 0, 1, 1, 1, 0, 0, 0, 1, 1]
Test case 747 : [1, 0, 1, 1, 1, 0, 0, 1, 0, 0]
Test case 748 : [1, 0, 1, 1, 1, 0, 0, 1, 0, 1]
Test case 749 : [1, 0, 1, 1, 1, 0, 0, 1, 1, 0]
Test case 750 : [1, 0, 1, 1, 1, 0, 0, 1, 1, 1]
Test case 751 : [1, 0, 1, 1, 1, 0, 1, 0, 0, 0]
Test case 752 : [1, 0, 1, 1, 1, 0, 1, 0, 0, 1]
Test case 753 : [1, 0, 1, 1, 1, 0, 1, 0, 1, 0]
Test case 754 : [1, 0, 1, 1, 1, 0, 1, 0, 1, 1]
Test case 755 : [1, 0, 1, 1, 1, 0, 1, 1, 0, 0]
Test case 756 : [1, 0, 1, 1, 1, 0, 1, 1, 0, 1]
Test case 757 : [1, 0, 1, 1, 1, 0, 1, 1, 1, 0]
Test case 758 : [1, 0, 1, 1, 1, 0, 1, 1, 1, 1]
Test case 759 : [1, 0, 1, 1, 1, 1, 0, 0, 0, 0]
Test case 760 : [1, 0, 1, 1, 1, 1, 0, 0, 0, 1]
Test case 761 : [1, 0, 1, 1, 1, 1, 0, 0, 1, 0]
Test case 762 : [1, 0, 1, 1, 1, 1, 0, 0, 1, 1]
Test case 763 : [1, 0, 1, 1, 1, 1, 0, 1, 0, 0]
Test case 764 : [1, 0, 1, 1, 1, 1, 0, 1, 0, 1]
Test case 765 : [1, 0, 1, 1, 1, 1, 0, 1, 1, 0]
Test case 766 : [1, 0, 1, 1, 1, 1, 0, 1, 1, 1]
Test case 767 : [1, 0, 1, 1, 1, 1, 1, 0, 0, 0]
Test case 768 : [1, 0, 1, 1, 1, 1, 1, 0, 0, 1]
Test case 769 : [1, 0, 1, 1, 1, 1, 1, 0, 1, 0]
Test case 770 : [1, 0, 1, 1, 1, 1, 1, 0, 1, 1]
Test case 771 : [1, 0, 1, 1, 1, 1, 1, 1, 0, 0]
Test case 772 : [1, 0, 1, 1, 1, 1, 1, 1, 0, 1]
Test case 773 : [1, 0, 1, 1, 1, 1, 1, 1, 1, 0]
Test case 774 : [1, 0, 1, 1, 1, 1, 1, 1, 1, 1]
Test case 775 : [1, 1, 0, 0, 0, 0, 0, 0, 0, 0]
Test case 776 : [1, 1, 0, 0, 0, 0, 0, 0, 0, 1]
Test case 777 : [1, 1, 0, 0, 0, 0, 0, 0, 1, 0]
Test case 778 : [1, 1, 0, 0, 0, 0, 0, 0, 1, 1]
Test case 779 : [1, 1, 0, 0, 0, 0, 0, 1, 0, 0]
Test case 780 : [1, 1, 0, 0, 0, 0, 0, 1, 0, 1]
Test case 781 : [1, 1, 0, 0, 0, 0, 0, 1, 1, 0]
Test case 782 : [1, 1, 0, 0, 0, 0, 0, 1, 1, 1]
Test case 783 : [1, 1, 0, 0, 0, 0, 1, 0, 0, 0]
Test case 784 : [1, 1, 0, 0, 0, 0, 1, 0, 0, 1]
Test case 785 : [1, 1, 0, 0, 0, 0, 1, 0, 1, 0]
Test case 786 : [1, 1, 0, 0, 0, 0, 1, 0, 1, 1]
Test case 787 : [1, 1, 0, 0, 0, 0, 1, 1, 0, 0]
Test case 788 : [1, 1, 0, 0, 0, 0, 1, 1, 0, 1]
Test case 789 : [1, 1, 0, 0, 0, 0, 1, 1, 1, 0]
Test case 790 : [1, 1, 0, 0, 0, 0, 1, 1, 1, 1]
Test case 791 : [1, 1, 0, 0, 0, 1, 0, 0, 0, 0]
Test case 792 : [1, 1, 0, 0, 0, 1, 0, 0, 0, 1]
Test case 793 : [1, 1, 0, 0, 0, 1, 0, 0, 1, 0]
Test case 794 : [1, 1, 0, 0, 0, 1, 0, 0, 1, 1]
Test case 795 : [1, 1, 0, 0, 0, 1, 0, 1, 0, 0]
Test case 796 : [1, 1, 0, 0, 0, 1, 0, 1, 0, 1]
Test case 797 : [1, 1, 0, 0, 0, 1, 0, 1, 1, 0]
Test case 798 : [1, 1, 0, 0, 0, 1, 0, 1, 1, 1]
Test case 799 : [1, 1, 0, 0, 0, 1, 1, 0, 0, 0]
Test case 800 : [1, 1, 0, 0, 0, 1, 1, 0, 0, 1]
Test case 801 : [1, 1, 0, 0, 0, 1, 1, 0, 1, 0]
Test case 802 : [1, 1, 0, 0, 0, 1, 1, 0, 1, 1]
Test case 803 : [1, 1, 0, 0, 0, 1, 1, 1, 0, 0]
Test case 804 : [1, 1, 0, 0, 0, 1, 1, 1, 0, 1]
Test case 805 : [1, 1, 0, 0, 0, 1, 1, 1, 1, 0]
Test case 806 : [1, 1, 0, 0, 0, 1, 1, 1, 1, 1]
Test case 807 : [1, 1, 0, 0, 1, 0, 0, 0, 0, 0]
Test case 808 : [1, 1, 0, 0, 1, 0, 0, 0, 0, 1]
Test case 809 : [1, 1, 0, 0, 1, 0, 0, 0, 1, 0]
Test case 810 : [1, 1, 0, 0, 1, 0, 0, 0, 1, 1]
Test case 811 : [1, 1, 0, 0, 1, 0, 0, 1, 0, 0]
Test case 812 : [1, 1, 0, 0, 1, 0, 0, 1, 0, 1]
Test case 813 : [1, 1, 0, 0, 1, 0, 0, 1, 1, 0]
Test case 814 : [1, 1, 0, 0, 1, 0, 0, 1, 1, 1]
Test case 815 : [1, 1, 0, 0, 1, 0, 1, 0, 0, 0]
Test case 816 : [1, 1, 0, 0, 1, 0, 1, 0, 0, 1]
Test case 817 : [1, 1, 0, 0, 1, 0, 1, 0, 1, 0]
Test case 818 : [1, 1, 0, 0, 1, 0, 1, 0, 1, 1]
Test case 819 : [1, 1, 0, 0, 1, 0, 1, 1, 0, 0]
Test case 820 : [1, 1, 0, 0, 1, 0, 1, 1, 0, 1]
Test case 821 : [1, 1, 0, 0, 1, 0, 1, 1, 1, 0]
Test case 822 : [1, 1, 0, 0, 1, 0, 1, 1, 1, 1]
Test case 823 : [1, 1, 0, 0, 1, 1, 0, 0, 0, 0]
Test case 824 : [1, 1, 0, 0, 1, 1, 0, 0, 0, 1]
Test case 825 : [1, 1, 0, 0, 1, 1, 0, 0, 1, 0]
Test case 826 : [1, 1, 0, 0, 1, 1, 0, 0, 1, 1]
Test case 827 : [1, 1, 0, 0, 1, 1, 0, 1, 0, 0]
Test case 828 : [1, 1, 0, 0, 1, 1, 0, 1, 0, 1]
Test case 829 : [1, 1, 0, 0, 1, 1, 0, 1, 1, 0]
Test case 830 : [1, 1, 0, 0, 1, 1, 0, 1, 1, 1]
Test case 831 : [1, 1, 0, 0, 1, 1, 1, 0, 0, 0]
Test case 832 : [1, 1, 0, 0, 1, 1, 1, 0, 0, 1]
Test case 833 : [1, 1, 0, 0, 1, 1, 1, 0, 1, 0]
Test case 834 : [1, 1, 0, 0, 1, 1, 1, 0, 1, 1]
Test case 835 : [1, 1, 0, 0, 1, 1, 1, 1, 0, 0]
Test case 836 : [1, 1, 0, 0, 1, 1, 1, 1, 0, 1]
Test case 837 : [1, 1, 0, 0, 1, 1, 1, 1, 1, 0]
Test case 838 : [1, 1, 0, 0, 1, 1, 1, 1, 1, 1]
Test case 839 : [1, 1, 0, 1, 0, 0, 0, 0, 0, 0]
Test case 840 : [1, 1, 0, 1, 0, 0, 0, 0, 0, 1]
Test case 841 : [1, 1, 0, 1, 0, 0, 0, 0, 1, 0]
Test case 842 : [1, 1, 0, 1, 0, 0, 0, 0, 1, 1]
Test case 843 : [1, 1, 0, 1, 0, 0, 0, 1, 0, 0]
Test case 844 : [1, 1, 0, 1, 0, 0, 0, 1, 0, 1]
Test case 845 : [1, 1, 0, 1, 0, 0, 0, 1, 1, 0]
Test case 846 : [1, 1, 0, 1, 0, 0, 0, 1, 1, 1]
Test case 847 : [1, 1, 0, 1, 0, 0, 1, 0, 0, 0]
Test case 848 : [1, 1, 0, 1, 0, 0, 1, 0, 0, 1]
Test case 849 : [1, 1, 0, 1, 0, 0, 1, 0, 1, 0]
Test case 850 : [1, 1, 0, 1, 0, 0, 1, 0, 1, 1]
Test case 851 : [1, 1, 0, 1, 0, 0, 1, 1, 0, 0]
Test case 852 : [1, 1, 0, 1, 0, 0, 1, 1, 0, 1]
Test case 853 : [1, 1, 0, 1, 0, 0, 1, 1, 1, 0]
Test case 854 : [1, 1, 0, 1, 0, 0, 1, 1, 1, 1]
Test case 855 : [1, 1, 0, 1, 0, 1, 0, 0, 0, 0]
Test case 856 : [1, 1, 0, 1, 0, 1, 0, 0, 0, 1]
Test case 857 : [1, 1, 0, 1, 0, 1, 0, 0, 1, 0]
Test case 858 : [1, 1, 0, 1, 0, 1, 0, 0, 1, 1]
Test case 859 : [1, 1, 0, 1, 0, 1, 0, 1, 0, 0]
Test case 860 : [1, 1, 0, 1, 0, 1, 0, 1, 0, 1]
Test case 861 : [1, 1, 0, 1, 0, 1, 0, 1, 1, 0]
Test case 862 : [1, 1, 0, 1, 0, 1, 0, 1, 1, 1]
Test case 863 : [1, 1, 0, 1, 0, 1, 1, 0, 0, 0]
Test case 864 : [1, 1, 0, 1, 0, 1, 1, 0, 0, 1]
Test case 865 : [1, 1, 0, 1, 0, 1, 1, 0, 1, 0]
Test case 866 : [1, 1, 0, 1, 0, 1, 1, 0, 1, 1]
Test case 867 : [1, 1, 0, 1, 0, 1, 1, 1, 0, 0]
Test case 868 : [1, 1, 0, 1, 0, 1, 1, 1, 0, 1]
Test case 869 : [1, 1, 0, 1, 0, 1, 1, 1, 1, 0]
Test case 870 : [1, 1, 0, 1, 0, 1, 1, 1, 1, 1]
Test case 871 : [1, 1, 0, 1, 1, 0, 0, 0, 0, 0]
Test case 872 : [1, 1, 0, 1, 1, 0, 0, 0, 0, 1]
Test case 873 : [1, 1, 0, 1, 1, 0, 0, 0, 1, 0]
Test case 874 : [1, 1, 0, 1, 1, 0, 0, 0, 1, 1]
Test case 875 : [1, 1, 0, 1, 1, 0, 0, 1, 0, 0]
Test case 876 : [1, 1, 0, 1, 1, 0, 0, 1, 0, 1]
Test case 877 : [1, 1, 0, 1, 1, 0, 0, 1, 1, 0]
Test case 878 : [1, 1, 0, 1, 1, 0, 0, 1, 1, 1]
Test case 879 : [1, 1, 0, 1, 1, 0, 1, 0, 0, 0]
Test case 880 : [1, 1, 0, 1, 1, 0, 1, 0, 0, 1]
Test case 881 : [1, 1, 0, 1, 1, 0, 1, 0, 1, 0]
Test case 882 : [1, 1, 0, 1, 1, 0, 1, 0, 1, 1]
Test case 883 : [1, 1, 0, 1, 1, 0, 1, 1, 0, 0]
Test case 884 : [1, 1, 0, 1, 1, 0, 1, 1, 0, 1]
Test case 885 : [1, 1, 0, 1, 1, 0, 1, 1, 1, 0]
Test case 886 : [1, 1, 0, 1, 1, 0, 1, 1, 1, 1]
Test case 887 : [1, 1, 0, 1, 1, 1, 0, 0, 0, 0]
Test case 888 : [1, 1, 0, 1, 1, 1, 0, 0, 0, 1]
Test case 889 : [1, 1, 0, 1, 1, 1, 0, 0, 1, 0]
Test case 890 : [1, 1, 0, 1, 1, 1, 0, 0, 1, 1]
Test case 891 : [1, 1, 0, 1, 1, 1, 0, 1, 0, 0]
Test case 892 : [1, 1, 0, 1, 1, 1, 0, 1, 0, 1]
Test case 893 : [1, 1, 0, 1, 1, 1, 0, 1, 1, 0]
Test case 894 : [1, 1, 0, 1, 1, 1, 0, 1, 1, 1]
Test case 895 : [1, 1, 0, 1, 1, 1, 1, 0, 0, 0]
Test case 896 : [1, 1, 0, 1, 1, 1, 1, 0, 0, 1]
Test case 897 : [1, 1, 0, 1, 1, 1, 1, 0, 1, 0]
Test case 898 : [1, 1, 0, 1, 1, 1, 1, 0, 1, 1]
Test case 899 : [1, 1, 0, 1, 1, 1, 1, 1, 0, 0]
Test case 900 : [1, 1, 0, 1, 1, 1, 1, 1, 0, 1]
Test case 901 : [1, 1, 0, 1, 1, 1, 1, 1, 1, 0]
Test case 902 : [1, 1, 0, 1, 1, 1, 1, 1, 1, 1]
Test case 903 : [1, 1, 1, 0, 0, 0, 0, 0, 0, 0]
Test case 904 : [1, 1, 1, 0, 0, 0, 0, 0, 0, 1]
Test case 905 : [1, 1, 1, 0, 0, 0, 0, 0, 1, 0]
Test case 906 : [1, 1, 1, 0, 0, 0, 0, 0, 1, 1]
Test case 907 : [1, 1, 1, 0, 0, 0, 0, 1, 0, 0]
Test case 908 : [1, 1, 1, 0, 0, 0, 0, 1, 0, 1]
Test case 909 : [1, 1, 1, 0, 0, 0, 0, 1, 1, 0]
Test case 910 : [1, 1, 1, 0, 0, 0, 0, 1, 1, 1]
Test case 911 : [1, 1, 1, 0, 0, 0, 1, 0, 0, 0]
Test case 912 : [1, 1, 1, 0, 0, 0, 1, 0, 0, 1]
Test case 913 : [1, 1, 1, 0, 0, 0, 1, 0, 1, 0]
Test case 914 : [1, 1, 1, 0, 0, 0, 1, 0, 1, 1]
Test case 915 : [1, 1, 1, 0, 0, 0, 1, 1, 0, 0]
Test case 916 : [1, 1, 1, 0, 0, 0, 1, 1, 0, 1]
Test case 917 : [1, 1, 1, 0, 0, 0, 1, 1, 1, 0]
Test case 918 : [1, 1, 1, 0, 0, 0, 1, 1, 1, 1]
Test case 919 : [1, 1, 1, 0, 0, 1, 0, 0, 0, 0]
Test case 920 : [1, 1, 1, 0, 0, 1, 0, 0, 0, 1]
Test case 921 : [1, 1, 1, 0, 0, 1, 0, 0, 1, 0]
Test case 922 : [1, 1, 1, 0, 0, 1, 0, 0, 1, 1]
Test case 923 : [1, 1, 1, 0, 0, 1, 0, 1, 0, 0]
Test case 924 : [1, 1, 1, 0, 0, 1, 0, 1, 0, 1]
Test case 925 : [1, 1, 1, 0, 0, 1, 0, 1, 1, 0]
Test case 926 : [1, 1, 1, 0, 0, 1, 0, 1, 1, 1]
Test case 927 : [1, 1, 1, 0, 0, 1, 1, 0, 0, 0]
Test case 928 : [1, 1, 1, 0, 0, 1, 1, 0, 0, 1]
Test case 929 : [1, 1, 1, 0, 0, 1, 1, 0, 1, 0]
Test case 930 : [1, 1, 1, 0, 0, 1, 1, 0, 1, 1]
Test case 931 : [1, 1, 1, 0, 0, 1, 1, 1, 0, 0]
Test case 932 : [1, 1, 1, 0, 0, 1, 1, 1, 0, 1]
Test case 933 : [1, 1, 1, 0, 0, 1, 1, 1, 1, 0]
Test case 934 : [1, 1, 1, 0, 0, 1, 1, 1, 1, 1]
Test case 935 : [1, 1, 1, 0, 1, 0, 0, 0, 0, 0]
Test case 936 : [1, 1, 1, 0, 1, 0, 0, 0, 0, 1]
Test case 937 : [1, 1, 1, 0, 1, 0, 0, 0, 1, 0]
Test case 938 : [1, 1, 1, 0, 1, 0, 0, 0, 1, 1]
Test case 939 : [1, 1, 1, 0, 1, 0, 0, 1, 0, 0]
Test case 940 : [1, 1, 1, 0, 1, 0, 0, 1, 0, 1]
Test case 941 : [1, 1, 1, 0, 1, 0, 0, 1, 1, 0]
Test case 942 : [1, 1, 1, 0, 1, 0, 0, 1, 1, 1]
Test case 943 : [1, 1, 1, 0, 1, 0, 1, 0, 0, 0]
Test case 944 : [1, 1, 1, 0, 1, 0, 1, 0, 0, 1]
Test case 945 : [1, 1, 1, 0, 1, 0, 1, 0, 1, 0]
Test case 946 : [1, 1, 1, 0, 1, 0, 1, 0, 1, 1]
Test case 947 : [1, 1, 1, 0, 1, 0, 1, 1, 0, 0]
Test case 948 : [1, 1, 1, 0, 1, 0, 1, 1, 0, 1]
Test case 949 : [1, 1, 1, 0, 1, 0, 1, 1, 1, 0]
Test case 950 : [1, 1, 1, 0, 1, 0, 1, 1, 1, 1]
Test case 951 : [1, 1, 1, 0, 1, 1, 0, 0, 0, 0]
Test case 952 : [1, 1, 1, 0, 1, 1, 0, 0, 0, 1]
Test case 953 : [1, 1, 1, 0, 1, 1, 0, 0, 1, 0]
Test case 954 : [1, 1, 1, 0, 1, 1, 0, 0, 1, 1]
Test case 955 : [1, 1, 1, 0, 1, 1, 0, 1, 0, 0]
Test case 956 : [1, 1, 1, 0, 1, 1, 0, 1, 0, 1]
Test case 957 : [1, 1, 1, 0, 1, 1, 0, 1, 1, 0]
Test case 958 : [1, 1, 1, 0, 1, 1, 0, 1, 1, 1]
Test case 959 : [1, 1, 1, 0, 1, 1, 1, 0, 0, 0]
Test case 960 : [1, 1, 1, 0, 1, 1, 1, 0, 0, 1]
Test case 961 : [1, 1, 1, 0, 1, 1, 1, 0, 1, 0]
Test case 962 : [1, 1, 1, 0, 1, 1, 1, 0, 1, 1]
Test case 963 : [1, 1, 1, 0, 1, 1, 1, 1, 0, 0]
Test case 964 : [1, 1, 1, 0, 1, 1, 1, 1, 0, 1]
Test case 965 : [1, 1, 1, 0, 1, 1, 1, 1, 1, 0]
Test case 966 : [1, 1, 1, 0, 1, 1, 1, 1, 1, 1]
Test case 967 : [1, 1, 1, 1, 0, 0, 0, 0, 0, 0]
Test case 968 : [1, 1, 1, 1, 0, 0, 0, 0, 0, 1]
Test case 969 : [1, 1, 1, 1, 0, 0, 0, 0, 1, 0]
Test case 970 : [1, 1, 1, 1, 0, 0, 0, 0, 1, 1]
Test case 971 : [1, 1, 1, 1, 0, 0, 0, 1, 0, 0]
Test case 972 : [1, 1, 1, 1, 0, 0, 0, 1, 0, 1]
Test case 973 : [1, 1, 1, 1, 0, 0, 0, 1, 1, 0]
Test case 974 : [1, 1, 1, 1, 0, 0, 0, 1, 1, 1]
Test case 975 : [1, 1, 1, 1, 0, 0, 1, 0, 0, 0]
Test case 976 : [1, 1, 1, 1, 0, 0, 1, 0, 0, 1]
Test case 977 : [1, 1, 1, 1, 0, 0, 1, 0, 1, 0]
Test case 978 : [1, 1, 1, 1, 0, 0, 1, 0, 1, 1]
Test case 979 : [1, 1, 1, 1, 0, 0, 1, 1, 0, 0]
Test case 980 : [1, 1, 1, 1, 0, 0, 1, 1, 0, 1]
Test case 981 : [1, 1, 1, 1, 0, 0, 1, 1, 1, 0]
Test case 982 : [1, 1, 1, 1, 0, 0, 1, 1, 1, 1]
Test case 983 : [1, 1, 1, 1, 0, 1, 0, 0, 0, 0]
Test case 984 : [1, 1, 1, 1, 0, 1, 0, 0, 0, 1]
Test case 985 : [1, 1, 1, 1, 0, 1, 0, 0, 1, 0]
Test case 986 : [1, 1, 1, 1, 0, 1, 0, 0, 1, 1]
Test case 987 : [1, 1, 1, 1, 0, 1, 0, 1, 0, 0]
Test case 988 : [1, 1, 1, 1, 0, 1, 0, 1, 0, 1]
Test case 989 : [1, 1, 1, 1, 0, 1, 0, 1, 1, 0]
Test case 990 : [1, 1, 1, 1, 0, 1, 0, 1, 1, 1]
Test case 991 : [1, 1, 1, 1, 0, 1, 1, 0, 0, 0]
Test case 992 : [1, 1, 1, 1, 0, 1, 1, 0, 0, 1]
Test case 993 : [1, 1, 1, 1, 0, 1, 1, 0, 1, 0]
Test case 994 : [1, 1, 1, 1, 0, 1, 1, 0, 1, 1]
Test case 995 : [1, 1, 1, 1, 0, 1, 1, 1, 0, 0]
Test case 996 : [1, 1, 1, 1, 0, 1, 1, 1, 0, 1]
Test case 997 : [1, 1, 1, 1, 0, 1, 1, 1, 1, 0]
Test case 998 : [1, 1, 1, 1, 0, 1, 1, 1, 1, 1]
Test case 999 : [1, 1, 1, 1, 1, 0, 0, 0, 0, 0]
Test case 1000 : [1, 1, 1, 1, 1, 0, 0, 0, 0, 1]
Test case 1001 : [1, 1, 1, 1, 1, 0, 0, 0, 1, 0]
Test case 1002 : [1, 1, 1, 1, 1, 0, 0, 0, 1, 1]
Test case 1003 : [1, 1, 1, 1, 1, 0, 0, 1, 0, 0]
Test case 1004 : [1, 1, 1, 1, 1, 0, 0, 1, 0, 1]
Test case 1005 : [1, 1, 1, 1, 1, 0, 0, 1, 1, 0]
Test case 1006 : [1, 1, 1, 1, 1, 0, 0, 1, 1, 1]
Test case 1007 : [1, 1, 1, 1, 1, 0, 1, 0, 0, 0]
Test case 1008 : [1, 1, 1, 1, 1, 0, 1, 0, 0, 1]
Test case 1009 : [1, 1, 1, 1, 1, 0, 1, 0, 1, 0]
Test case 1010 : [1, 1, 1, 1, 1, 0, 1, 0, 1, 1]
Test case 1011 : [1, 1, 1, 1, 1, 0, 1, 1, 0, 0]
Test case 1012 : [1, 1, 1, 1, 1, 0, 1, 1, 0, 1]
Test case 1013 : [1, 1, 1, 1, 1, 0, 1, 1, 1, 0]
Test case 1014 : [1, 1, 1, 1, 1, 0, 1, 1, 1, 1]
Test case 1015 : [1, 1, 1, 1, 1, 1, 0, 0, 0, 0]
Test case 1016 : [1, 1, 1, 1, 1, 1, 0, 0, 0, 1]
Test case 1017 : [1, 1, 1, 1, 1, 1, 0, 0, 1, 0]
Test case 1018 : [1, 1, 1, 1, 1, 1, 0, 0, 1, 1]
Test case 1019 : [1, 1, 1, 1, 1, 1, 0, 1, 0, 0]
Test case 1020 : [1, 1, 1, 1, 1, 1, 0, 1, 0, 1]
Test case 1021 : [1, 1, 1, 1, 1, 1, 0, 1, 1, 0]
Test case 1022 : [1, 1, 1, 1, 1, 1, 0, 1, 1, 1]
Test case 1023 : [1, 1, 1, 1, 1, 1, 1, 0, 0, 0]
Test case 1024 : [1, 1, 1, 1, 1, 1, 1, 0, 0, 1]
Test case 1025 : [1, 1, 1, 1, 1, 1, 1, 0, 1, 0]
Test case 1026 : [1, 1, 1, 1, 1, 1, 1, 0, 1, 1]
Test case 1027 : [1, 1, 1, 1, 1, 1, 1, 1, 0, 0]
Test case 1028 : [1, 1, 1, 1, 1, 1, 1, 1, 0, 1]
Test case 1029 : [1, 1, 1, 1, 1, 1, 1, 1, 1, 0]
Test case 1030 : [1, 1, 1, 1, 1, 1, 1, 1, 1, 1]
Test case 1031 : [0, 0, 0, 0, 0, 0]
Test case 1032 : [0, 0, 0, 0, 0, 1]
Test case 1033 : [0, 0, 0, 0, 1, 0]
Test case 1034 : [0, 0, 0, 0, 1, 1]
Test case 1035 : [0, 0, 0, 1, 0, 0]
Test case 1036 : [0, 0, 0, 1, 0, 1]
Test case 1037 : [0, 0, 0, 1, 1, 0]
Test case 1038 : [0, 0, 0, 1, 1, 1]
Test case 1039 : [0, 0, 1, 0, 0, 0]
Test case 1040 : [0, 0, 1, 0, 0, 1]
Test case 1041 : [0, 0, 1, 0, 1, 0]
Test case 1042 : [0, 0, 1, 0, 1, 1]
Test case 1043 : [0, 0, 1, 1, 0, 0]
Test case 1044 : [0, 0, 1, 1, 0, 1]
Test case 1045 : [0, 0, 1, 1, 1, 0]
Test case 1046 : [0, 0, 1, 1, 1, 1]
Test case 1047 : [0, 1, 0, 0, 0, 0]
Test case 1048 : [0, 1, 0, 0, 0, 1]
Test case 1049 : [0, 1, 0, 0, 1, 0]
Test case 1050 : [0, 1, 0, 0, 1, 1]
Test case 1051 : [0, 1, 0, 1, 0, 0]
Test case 1052 : [0, 1, 0, 1, 0, 1]
Test case 1053 : [0, 1, 0, 1, 1, 0]
Test case 1054 : [0, 1, 0, 1, 1, 1]
Test case 1055 : [0, 1, 1, 0, 0, 0]
Test case 1056 : [0, 1, 1, 0, 0, 1]
Test case 1057 : [0, 1, 1, 0, 1, 0]
Test case 1058 : [0, 1, 1, 0, 1, 1]
Test case 1059 : [0, 1, 1, 1, 0, 0]
Test case 1060 : [0, 1, 1, 1, 0, 1]
Test case 1061 : [0, 1, 1, 1, 1, 0]
Test case 1062 : [0, 1, 1, 1, 1, 1]
Test case 1063 : [1, 0, 0, 0, 0, 0]
Test case 1064 : [1, 0, 0, 0, 0, 1]
Test case 1065 : [1, 0, 0, 0, 1, 0]
Test case 1066 : [1, 0, 0, 0, 1, 1]
Test case 1067 : [1, 0, 0, 1, 0, 0]
Test case 1068 : [1, 0, 0, 1, 0, 1]
Test case 1069 : [1, 0, 0, 1, 1, 0]
Test case 1070 : [1, 0, 0, 1, 1, 1]
Test case 1071 : [1, 0, 1, 0, 0, 0]
Test case 1072 : [1, 0, 1, 0, 0, 1]
Test case 1073 : [1, 0, 1, 0, 1, 0]
Test case 1074 : [1, 0, 1, 0, 1, 1]
Test case 1075 : [1, 0, 1, 1, 0, 0]
Test case 1076 : [1, 0, 1, 1, 0, 1]
Test case 1077 : [1, 0, 1, 1, 1, 0]
Test case 1078 : [1, 0, 1, 1, 1, 1]
Test case 1079 : [1, 1, 0, 0, 0, 0]
Test case 1080 : [1, 1, 0, 0, 0, 1]
Test case 1081 : [1, 1, 0, 0, 1, 0]
Test case 1082 : [1, 1, 0, 0, 1, 1]
Test case 1083 : [1, 1, 0, 1, 0, 0]
Test case 1084 : [1, 1, 0, 1, 0, 1]
Test case 1085 : [1, 1, 0, 1, 1, 0]
Test case 1086 : [1, 1, 0, 1, 1, 1]
Test case 1087 : [1, 1, 1, 0, 0, 0]
Test case 1088 : [1, 1, 1, 0, 0, 1]
Test case 1089 : [1, 1, 1, 0, 1, 0]
Test case 1090 : [1, 1, 1, 0, 1, 1]
Test case 1091 : [1, 1, 1, 1, 0, 0]
Test case 1092 : [1, 1, 1, 1, 0, 1]
Test case 1093 : [1, 1, 1, 1, 1, 0]
Test case 1094 : [1, 1, 1, 1, 1, 1]
